0	0
1	0
2	0
4	0
6	0
7	0
8	0
9	0
11	0
12	0
13	0
14	0
15	0
16	0
17	0
69	0
70	0
71	0
72	0
73	0
74	0
75	0
76	0
77	0
78	0
79	0
80	0
129	0
178	0
185	0
186	0
187	0
188	0
189	0
191	0
192	0
193	0
194	0
195	0
196	0
197	0
198	0
199	0
200	0
201	0
202	0
203	0
213	0
214	0
215	0
216	0
217	0
218	0
220	0
221	0
222	0
223	0
224	0
225	0
226	0
236	0
237	0
238	0
239	0
240	0
285	0
286	0
287	0
288	0
289	0
290	0
291	0
292	0
293	0
294	0
297	0
298	0
299	0
301	0
302	0
303	0
304	0
306	0
307	0
308	0
309	0
311	0
415	0
445	0
452	0
453	0
454	0
455	0
456	0
458	0
459	0
460	0
462	0
463	0
464	0
465	0
466	0
467	0
468	0
470	0
471	0
472	0
473	0
474	0
475	0
476	0
477	0
486	0
488	0
489	0
490	0
491	0
492	0
493	0
494	0
496	0
497	0
498	0
499	0
502	0
503	0
504	0
505	0
506	0
563	0
645	0
654	0
655	0
658	0
659	0
660	0
661	0
662	0
663	0
664	0
665	0
666	0
667	0
668	0
669	0
670	0
671	0
672	0
673	0
674	0
675	0
676	0
677	0
678	0
679	0
680	0
682	0
683	0
684	0
685	0
686	0
687	0
688	0
689	0
690	0
691	0
692	0
693	0
694	0
695	0
696	0
697	0
698	0
699	0
700	0
701	0
721	0
722	0
723	0
725	0
726	0
727	0
728	0
729	0
730	0
731	0
732	0
734	0
736	0
737	0
738	0
739	0
740	0
741	0
755	0
762	0
764	0
766	0
767	0
768	0
769	0
775	0
818	0
872	0
874	0
875	0
876	0
877	0
878	0
884	0
985	0
986	0
988	0
989	0
990	0
991	0
1035	0
1050	0
1060	0
1102	0
1114	0
1116	0
1117	0
1118	0
1119	0
1122	0
1147	0
1148	0
1150	0
1151	0
1153	0
1154	0
1155	0
1157	0
1158	0
1159	0
1160	0
1161	0
1162	0
1163	0
1164	0
1165	0
1167	0
1168	0
1169	0
1171	0
1172	0
1173	0
1175	0
1176	0
1177	0
1178	0
1179	0
1180	0
1181	0
1182	0
1183	0
1226	0
1227	0
1229	0
1230	0
1231	0
1232	0
1233	0
1234	0
1235	0
1248	0
1275	0
1276	0
1277	0
1278	0
1285	0
1340	0
1342	0
1343	0
1344	0
1345	0
1358	0
1408	0
1409	0
1454	0
1491	0
1492	0
1494	0
1496	0
1497	0
1498	0
1500	0
1501	0
1503	0
1504	0
1505	0
1506	0
1507	0
1508	0
1509	0
1510	0
1511	0
1512	0
1513	0
1514	0
1515	0
1517	0
1518	0
1519	0
1521	0
1522	0
1523	0
1524	0
1525	0
1526	0
1527	0
1528	0
1529	0
1530	0
1531	0
1532	0
1533	0
1537	0
1538	0
1539	0
1540	0
1542	0
1543	0
1545	0
1546	0
1547	0
1575	0
1576	0
1577	0
1579	0
1580	0
1582	0
1584	0
1585	0
1586	0
1587	0
1588	0
1589	0
1590	0
1592	0
1652	0
1673	0
1706	0
1712	0
1723	0
1724	0
1726	0
1727	0
1728	0
1729	0
1730	0
1731	0
1732	0
1733	0
1734	0
1735	0
1736	0
1737	0
1738	0
1739	0
1740	0
1741	0
1744	0
1745	0
1746	0
1747	0
1748	0
1749	0
1753	0
1788	0
1806	0
1807	0
1808	0
1809	0
1811	0
1812	0
1813	0
1814	0
1816	0
1817	0
1819	0
1822	0
1823	0
1824	0
1825	0
1826	0
1827	0
1828	0
1829	0
1830	0
1831	0
1832	0
1833	0
1836	0
1837	0
1839	0
1840	0
1845	0
1846	0
1847	0
1848	0
1849	0
1851	0
1852	0
1854	0
1855	0
1863	0
1871	0
1940	0
1944	0
1945	0
1946	0
1947	0
1948	0
1949	0
1950	0
1951	0
1952	0
1953	0
1970	0
1988	0
1992	0
2020	0
2021	0
2022	0
2023	0
2024	0
2025	0
2027	0
2028	0
2029	0
2030	0
2031	0
2033	0
2034	0
2035	0
2036	0
2037	0
2038	0
2039	0
2041	0
2057	0
2058	0
2059	0
2060	0
2061	0
2062	0
2063	0
2064	0
2066	0
2067	0
2068	0
2069	0
2070	0
2071	0
2072	0
2073	0
2089	0
2100	0
2111	0
2112	0
2113	0
2116	0
2118	0
2119	0
2120	0
2121	0
2140	0
2158	0
2174	0
2200	0
2236	0
2237	0
2238	0
2239	0
2240	0
2242	0
2243	0
2244	0
2252	0
2276	0
2277	0
2278	0
2279	0
2280	0
2281	0
2282	0
2283	0
2284	0
2285	0
2286	0
2287	0
2288	0
2289	0
2290	0
2291	0
2292	0
2293	0
2296	0
2297	0
2298	0
2299	0
2300	0
2301	0
2302	0
2303	0
2304	0
2305	0
2306	0
2307	0
2308	0
2309	0
2311	0
2312	0
2313	0
2314	0
2315	0
2316	0
2317	0
2318	0
2319	0
2320	0
2321	0
2322	0
2324	0
2325	0
2326	0
2327	0
2328	0
2329	0
2330	0
2331	0
2333	0
2335	0
2336	0
2337	0
2374	0
2375	0
2376	0
2377	0
2378	0
2380	0
2381	0
2382	0
2383	0
2384	0
2385	0
2386	0
2387	0
2388	0
2389	0
2390	0
2391	0
2392	0
2393	0
2395	0
2396	0
2397	0
2398	0
2399	0
2400	0
2401	0
2402	0
2403	0
2404	0
2405	0
2406	0
2407	0
2409	0
2410	0
2411	0
2412	0
2413	0
2414	0
2524	0
2525	0
2526	0
2527	0
2528	0
2529	0
2531	0
2562	0
2592	0
2593	0
2594	0
2595	0
2596	0
2597	0
2598	0
2599	0
2600	0
2601	0
2602	0
2603	0
2604	0
2605	0
2606	0
2607	0
2609	0
2610	0
2612	0
2613	0
2614	0
2615	0
2616	0
2617	0
2618	0
2619	0
2620	0
2621	0
2622	0
2623	0
2651	0
2677	0
2678	0
2679	0
2680	0
2681	0
2682	0
2683	0
2684	0
2685	0
2686	0
2687	0
2688	0
2689	0
2690	0
2691	0
2692	0
2693	0
2694	0
2695	0
2696	0
2697	0
2698	0
2699	0
2700	0
2701	0
2702	0
2705	0
2710	0
2757	0
2772	0
2810	0
2831	0
2838	0
2852	0
2853	0
2854	0
2855	0
2886	0
2887	0
2888	0
2889	0
2890	0
2891	0
2893	0
2894	0
2896	0
2897	0
2898	0
2899	0
2900	0
2901	0
2902	0
2903	0
2905	0
2932	0
18	1
19	1
21	1
22	1
23	1
24	1
25	1
26	1
27	1
28	1
30	1
31	1
32	1
33	1
34	1
35	1
36	1
37	1
38	1
39	1
40	1
41	1
42	1
43	1
44	1
45	1
47	1
48	1
49	1
50	1
51	1
52	1
53	1
54	1
55	1
56	1
82	1
110	1
111	1
112	1
113	1
114	1
115	1
116	1
118	1
124	1
126	1
190	1
204	1
227	1
229	1
230	1
231	1
232	1
233	1
234	1
235	1
241	1
242	1
243	1
244	1
245	1
246	1
247	1
248	1
249	1
250	1
252	1
253	1
254	1
255	1
256	1
258	1
259	1
260	1
261	1
263	1
264	1
265	1
266	1
267	1
269	1
280	1
281	1
282	1
283	1
284	1
310	1
312	1
313	1
314	1
315	1
316	1
317	1
318	1
319	1
320	1
321	1
322	1
323	1
324	1
325	1
326	1
327	1
328	1
329	1
330	1
332	1
333	1
334	1
336	1
337	1
338	1
339	1
341	1
342	1
343	1
344	1
345	1
346	1
347	1
348	1
349	1
350	1
351	1
352	1
353	1
354	1
355	1
356	1
357	1
368	1
380	1
383	1
400	1
408	1
413	1
417	1
420	1
457	1
478	1
479	1
480	1
481	1
482	1
483	1
484	1
485	1
487	1
512	1
513	1
514	1
515	1
516	1
518	1
519	1
520	1
521	1
524	1
531	1
608	1
644	1
656	1
657	1
681	1
702	1
703	1
705	1
706	1
707	1
708	1
709	1
710	1
711	1
712	1
713	1
714	1
715	1
716	1
717	1
718	1
719	1
720	1
724	1
770	1
771	1
772	1
773	1
774	1
776	1
777	1
778	1
779	1
780	1
781	1
782	1
787	1
789	1
791	1
793	1
794	1
798	1
828	1
889	1
890	1
891	1
892	1
895	1
896	1
898	1
901	1
902	1
903	1
904	1
905	1
918	1
919	1
920	1
921	1
922	1
923	1
924	1
925	1
926	1
928	1
929	1
930	1
931	1
933	1
934	1
935	1
936	1
937	1
938	1
939	1
940	1
941	1
942	1
1016	1
1036	1
1037	1
1038	1
1040	1
1041	1
1042	1
1043	1
1044	1
1045	1
1070	1
1110	1
1121	1
1129	1
1130	1
1131	1
1132	1
1133	1
1134	1
1135	1
1136	1
1137	1
1138	1
1139	1
1140	1
1141	1
1142	1
1143	1
1144	1
1145	1
1146	1
1149	1
1184	1
1186	1
1187	1
1188	1
1190	1
1191	1
1192	1
1193	1
1194	1
1196	1
1197	1
1198	1
1199	1
1200	1
1202	1
1203	1
1204	1
1205	1
1206	1
1207	1
1208	1
1209	1
1211	1
1212	1
1213	1
1214	1
1215	1
1217	1
1218	1
1279	1
1291	1
1292	1
1293	1
1294	1
1295	1
1296	1
1297	1
1299	1
1300	1
1301	1
1302	1
1303	1
1304	1
1306	1
1307	1
1308	1
1309	1
1310	1
1311	1
1312	1
1313	1
1314	1
1316	1
1317	1
1318	1
1319	1
1320	1
1321	1
1322	1
1323	1
1326	1
1327	1
1328	1
1329	1
1330	1
1331	1
1332	1
1333	1
1334	1
1337	1
1339	1
1346	1
1347	1
1348	1
1349	1
1350	1
1351	1
1352	1
1353	1
1354	1
1355	1
1356	1
1357	1
1359	1
1360	1
1361	1
1362	1
1363	1
1364	1
1365	1
1366	1
1367	1
1368	1
1384	1
1399	1
1420	1
1444	1
1450	1
1535	1
1544	1
1548	1
1557	1
1558	1
1559	1
1562	1
1563	1
1565	1
1567	1
1568	1
1569	1
1570	1
1571	1
1573	1
1574	1
1591	1
1593	1
1594	1
1595	1
1597	1
1598	1
1599	1
1678	1
1719	1
1743	1
1752	1
1754	1
1755	1
1756	1
1757	1
1758	1
1759	1
1760	1
1761	1
1762	1
1763	1
1764	1
1766	1
1767	1
1768	1
1769	1
1771	1
1772	1
1773	1
1774	1
1775	1
1776	1
1777	1
1778	1
1780	1
1781	1
1782	1
1783	1
1784	1
1785	1
1786	1
1787	1
1789	1
1790	1
1791	1
1792	1
1793	1
1794	1
1795	1
1796	1
1797	1
1799	1
1800	1
1801	1
1802	1
1803	1
1804	1
1805	1
1838	1
1842	1
1850	1
1856	1
1857	1
1858	1
1859	1
1860	1
1861	1
1862	1
1864	1
1865	1
1866	1
1867	1
1868	1
1869	1
1870	1
1872	1
1873	1
1874	1
1875	1
1876	1
1877	1
1878	1
1890	1
1926	1
1927	1
1928	1
1929	1
1930	1
1931	1
2003	1
2004	1
2005	1
2006	1
2007	1
2040	1
2056	1
2074	1
2075	1
2076	1
2077	1
2078	1
2079	1
2080	1
2082	1
2083	1
2084	1
2085	1
2086	1
2087	1
2088	1
2090	1
2091	1
2092	1
2093	1
2094	1
2095	1
2096	1
2097	1
2098	1
2099	1
2101	1
2102	1
2103	1
2104	1
2105	1
2106	1
2107	1
2109	1
2110	1
2114	1
2122	1
2123	1
2124	1
2128	1
2129	1
2130	1
2131	1
2133	1
2134	1
2135	1
2136	1
2137	1
2138	1
2139	1
2141	1
2142	1
2144	1
2145	1
2146	1
2147	1
2148	1
2149	1
2150	1
2151	1
2152	1
2153	1
2156	1
2161	1
2172	1
2211	1
2212	1
2213	1
2214	1
2215	1
2219	1
2220	1
2221	1
2227	1
2241	1
2250	1
2295	1
2338	1
2339	1
2341	1
2342	1
2343	1
2344	1
2345	1
2346	1
2347	1
2348	1
2350	1
2352	1
2353	1
2354	1
2355	1
2356	1
2357	1
2358	1
2359	1
2360	1
2361	1
2362	1
2363	1
2364	1
2365	1
2366	1
2367	1
2368	1
2369	1
2370	1
2371	1
2372	1
2373	1
2415	1
2416	1
2417	1
2418	1
2419	1
2420	1
2421	1
2422	1
2423	1
2424	1
2425	1
2426	1
2427	1
2428	1
2429	1
2430	1
2431	1
2432	1
2433	1
2434	1
2435	1
2437	1
2438	1
2439	1
2440	1
2441	1
2442	1
2443	1
2444	1
2445	1
2446	1
2447	1
2448	1
2450	1
2452	1
2453	1
2454	1
2455	1
2472	1
2483	1
2503	1
2512	1
2513	1
2514	1
2515	1
2516	1
2517	1
2518	1
2519	1
2520	1
2521	1
2522	1
2559	1
2624	1
2625	1
2626	1
2627	1
2628	1
2629	1
2630	1
2632	1
2634	1
2635	1
2636	1
2637	1
2638	1
2639	1
2640	1
2641	1
2642	1
2643	1
2644	1
2645	1
2646	1
2647	1
2648	1
2652	1
2654	1
2655	1
2656	1
2657	1
2658	1
2659	1
2660	1
2661	1
2662	1
2663	1
2664	1
2665	1
2666	1
2667	1
2668	1
2669	1
2670	1
2671	1
2672	1
2673	1
2674	1
2675	1
2676	1
2706	1
2707	1
2708	1
2711	1
2713	1
2715	1
2717	1
2718	1
2719	1
2720	1
2721	1
2722	1
2723	1
2775	1
2806	1
2856	1
2857	1
2859	1
2861	1
2862	1
2863	1
2864	1
2865	1
2866	1
2867	1
2868	1
2870	1
2871	1
2872	1
2873	1
2875	1
2876	1
2877	1
2878	1
2879	1
2880	1
2882	1
2883	1
2884	1
2885	1
2906	1
2907	1
2909	1
2910	1
2911	1
2912	1
2913	1
2914	1
2916	1
2917	1
2921	1
2922	1
2923	1
2924	1
2925	1
2926	1
2927	1
2928	1
2929	1
2930	1
2931	1
2933	1
2935	1
2960	1
5	2
20	2
29	2
57	2
58	2
59	2
60	2
61	2
62	2
63	2
64	2
65	2
66	2
67	2
68	2
81	2
83	2
84	2
85	2
86	2
87	2
88	2
89	2
90	2
91	2
92	2
134	2
180	2
206	2
207	2
208	2
209	2
219	2
251	2
262	2
268	2
331	2
335	2
358	2
359	2
360	2
361	2
362	2
363	2
364	2
365	2
366	2
367	2
369	2
370	2
371	2
373	2
374	2
375	2
376	2
377	2
393	2
403	2
404	2
405	2
406	2
407	2
423	2
424	2
425	2
426	2
427	2
428	2
429	2
495	2
507	2
508	2
509	2
510	2
511	2
522	2
525	2
526	2
527	2
528	2
529	2
530	2
532	2
533	2
534	2
535	2
536	2
537	2
538	2
539	2
540	2
541	2
542	2
543	2
544	2
545	2
599	2
602	2
633	2
746	2
748	2
784	2
785	2
786	2
788	2
805	2
822	2
832	2
879	2
880	2
881	2
882	2
885	2
886	2
887	2
897	2
957	2
958	2
959	2
960	2
961	2
962	2
963	2
964	2
965	2
966	2
968	2
971	2
972	2
973	2
974	2
975	2
976	2
978	2
979	2
980	2
981	2
982	2
983	2
984	2
1025	2
1046	2
1112	2
1170	2
1185	2
1189	2
1210	2
1219	2
1220	2
1221	2
1222	2
1224	2
1225	2
1236	2
1238	2
1239	2
1240	2
1241	2
1243	2
1244	2
1245	2
1246	2
1247	2
1288	2
1290	2
1369	2
1370	2
1372	2
1373	2
1374	2
1375	2
1376	2
1377	2
1378	2
1379	2
1395	2
1403	2
1425	2
1436	2
1465	2
1485	2
1499	2
1516	2
1534	2
1555	2
1566	2
1578	2
1583	2
1600	2
1606	2
1607	2
1608	2
1609	2
1610	2
1611	2
1612	2
1613	2
1614	2
1615	2
1616	2
1619	2
1620	2
1621	2
1623	2
1624	2
1625	2
1627	2
1628	2
1685	2
1686	2
1765	2
1879	2
1880	2
1881	2
1883	2
1884	2
1885	2
1886	2
1887	2
1888	2
1889	2
1891	2
1892	2
1893	2
1894	2
1895	2
1897	2
1898	2
1899	2
1900	2
1901	2
1902	2
1903	2
1904	2
1905	2
1906	2
1907	2
1908	2
1909	2
1910	2
1955	2
1962	2
1964	2
1989	2
2065	2
2081	2
2115	2
2154	2
2155	2
2157	2
2159	2
2160	2
2162	2
2163	2
2164	2
2165	2
2166	2
2168	2
2169	2
2170	2
2171	2
2173	2
2201	2
2260	2
2334	2
2351	2
2379	2
2394	2
2456	2
2457	2
2458	2
2460	2
2461	2
2462	2
2463	2
2464	2
2465	2
2466	2
2467	2
2468	2
2469	2
2470	2
2471	2
2473	2
2474	2
2475	2
2477	2
2478	2
2479	2
2480	2
2481	2
2482	2
2543	2
2544	2
2545	2
2547	2
2548	2
2549	2
2550	2
2552	2
2553	2
2554	2
2555	2
2556	2
2611	2
2649	2
2650	2
2709	2
2724	2
2725	2
2726	2
2727	2
2728	2
2729	2
2730	2
2731	2
2732	2
2733	2
2734	2
2736	2
2737	2
2738	2
2739	2
2740	2
2741	2
2742	2
2743	2
2744	2
2745	2
2746	2
2747	2
2748	2
2749	2
2750	2
2752	2
2753	2
2766	2
2780	2
2823	2
2851	2
2936	2
2937	2
2938	2
2939	2
2940	2
2941	2
2942	2
2943	2
2944	2
2945	2
2946	2
2947	2
2948	2
2949	2
2950	2
2951	2
2952	2
2953	2
2954	2
2955	2
2956	2
2996	2
10	3
46	3
93	3
94	3
95	3
96	3
98	3
99	3
100	3
102	3
105	3
106	3
107	3
108	3
109	3
122	3
164	3
173	3
174	3
175	3
176	3
177	3
179	3
181	3
182	3
183	3
184	3
228	3
295	3
296	3
300	3
340	3
378	3
379	3
381	3
382	3
384	3
385	3
386	3
387	3
388	3
389	3
390	3
391	3
392	3
394	3
395	3
396	3
397	3
398	3
399	3
401	3
402	3
438	3
439	3
440	3
441	3
442	3
443	3
444	3
446	3
447	3
448	3
449	3
450	3
451	3
469	3
501	3
546	3
547	3
549	3
551	3
552	3
555	3
556	3
557	3
558	3
559	3
560	3
561	3
562	3
564	3
577	3
583	3
612	3
622	3
623	3
624	3
625	3
626	3
627	3
628	3
640	3
653	3
704	3
733	3
735	3
745	3
792	3
807	3
808	3
809	3
810	3
811	3
812	3
814	3
815	3
857	3
863	3
894	3
899	3
900	3
915	3
970	3
992	3
993	3
994	3
995	3
996	3
997	3
998	3
999	3
1002	3
1003	3
1004	3
1005	3
1006	3
1007	3
1009	3
1010	3
1011	3
1012	3
1013	3
1014	3
1015	3
1017	3
1018	3
1019	3
1020	3
1021	3
1039	3
1074	3
1092	3
1123	3
1152	3
1156	3
1201	3
1242	3
1249	3
1280	3
1281	3
1282	3
1284	3
1286	3
1287	3
1289	3
1315	3
1324	3
1335	3
1336	3
1341	3
1371	3
1380	3
1381	3
1382	3
1383	3
1385	3
1386	3
1387	3
1388	3
1389	3
1390	3
1391	3
1392	3
1393	3
1394	3
1396	3
1397	3
1398	3
1400	3
1401	3
1402	3
1404	3
1405	3
1406	3
1407	3
1410	3
1411	3
1412	3
1413	3
1414	3
1415	3
1416	3
1417	3
1418	3
1419	3
1421	3
1422	3
1423	3
1424	3
1426	3
1427	3
1428	3
1429	3
1430	3
1431	3
1432	3
1433	3
1434	3
1435	3
1437	3
1438	3
1439	3
1440	3
1467	3
1493	3
1541	3
1572	3
1601	3
1602	3
1603	3
1604	3
1605	3
1622	3
1629	3
1630	3
1631	3
1632	3
1633	3
1634	3
1635	3
1636	3
1637	3
1638	3
1639	3
1640	3
1641	3
1642	3
1643	3
1644	3
1645	3
1646	3
1647	3
1648	3
1649	3
1650	3
1666	3
1667	3
1668	3
1669	3
1670	3
1671	3
1672	3
1674	3
1725	3
1742	3
1779	3
1810	3
1820	3
1821	3
1841	3
1844	3
1911	3
1913	3
1914	3
1915	3
1916	3
1917	3
1918	3
1919	3
1920	3
1921	3
1923	3
1924	3
1925	3
2001	3
2014	3
2125	3
2126	3
2176	3
2177	3
2178	3
2179	3
2181	3
2182	3
2183	3
2184	3
2185	3
2186	3
2187	3
2189	3
2190	3
2192	3
2193	3
2194	3
2195	3
2196	3
2197	3
2198	3
2199	3
2202	3
2203	3
2204	3
2205	3
2206	3
2207	3
2208	3
2209	3
2210	3
2216	3
2218	3
2310	3
2349	3
2408	3
2436	3
2485	3
2486	3
2487	3
2488	3
2489	3
2490	3
2491	3
2492	3
2493	3
2494	3
2495	3
2496	3
2497	3
2498	3
2499	3
2500	3
2501	3
2502	3
2504	3
2505	3
2506	3
2507	3
2508	3
2509	3
2510	3
2511	3
2532	3
2533	3
2534	3
2535	3
2536	3
2537	3
2538	3
2539	3
2540	3
2541	3
2542	3
2551	3
2565	3
2574	3
2575	3
2576	3
2577	3
2578	3
2579	3
2580	3
2581	3
2582	3
2583	3
2584	3
2588	3
2631	3
2633	3
2704	3
2735	3
2751	3
2754	3
2755	3
2756	3
2758	3
2759	3
2761	3
2762	3
2763	3
2764	3
2765	3
2767	3
2768	3
2770	3
2771	3
2773	3
2774	3
2776	3
2777	3
2778	3
2779	3
2781	3
2782	3
2783	3
2784	3
2785	3
2786	3
2787	3
2788	3
2789	3
2790	3
2791	3
2792	3
2793	3
2794	3
2795	3
2796	3
2797	3
2798	3
2799	3
2800	3
2801	3
2802	3
2803	3
2804	3
2848	3
2858	3
2895	3
2957	3
2958	3
2959	3
2961	3
2962	3
2963	3
2964	3
2965	3
2966	3
2967	3
2968	3
2969	3
2970	3
2971	3
2972	3
2973	3
2974	3
2975	3
2976	3
2977	3
2978	3
2979	3
2980	3
2981	3
2982	3
2983	3
2984	3
2985	3
2986	3
2987	3
2988	3
2990	3
2991	3
2992	3
2993	3
2994	3
2995	3
2997	3
2998	3
2999	3
3000	3
3001	3
3002	3
3	4
97	4
101	4
103	4
104	4
117	4
119	4
120	4
121	4
123	4
125	4
127	4
128	4
130	4
131	4
132	4
133	4
135	4
136	4
137	4
138	4
139	4
141	4
142	4
143	4
144	4
145	4
146	4
147	4
148	4
149	4
150	4
151	4
152	4
153	4
154	4
161	4
211	4
305	4
409	4
410	4
411	4
412	4
414	4
416	4
418	4
419	4
421	4
422	4
430	4
461	4
517	4
523	4
550	4
554	4
566	4
567	4
568	4
569	4
570	4
571	4
572	4
573	4
574	4
575	4
576	4
578	4
579	4
580	4
581	4
582	4
584	4
585	4
586	4
587	4
588	4
589	4
590	4
592	4
593	4
594	4
605	4
611	4
742	4
743	4
744	4
747	4
783	4
790	4
795	4
796	4
797	4
799	4
800	4
801	4
802	4
803	4
804	4
806	4
813	4
816	4
817	4
819	4
820	4
821	4
823	4
824	4
825	4
826	4
827	4
843	4
844	4
845	4
846	4
847	4
849	4
850	4
851	4
852	4
853	4
854	4
855	4
856	4
869	4
883	4
888	4
917	4
944	4
945	4
946	4
947	4
948	4
949	4
950	4
951	4
952	4
953	4
954	4
955	4
956	4
967	4
1000	4
1001	4
1008	4
1022	4
1023	4
1024	4
1026	4
1027	4
1028	4
1029	4
1030	4
1031	4
1032	4
1033	4
1034	4
1047	4
1048	4
1049	4
1051	4
1052	4
1053	4
1054	4
1055	4
1056	4
1057	4
1195	4
1228	4
1237	4
1250	4
1251	4
1252	4
1253	4
1254	4
1255	4
1256	4
1257	4
1258	4
1259	4
1260	4
1261	4
1262	4
1263	4
1264	4
1265	4
1266	4
1267	4
1268	4
1269	4
1270	4
1271	4
1272	4
1273	4
1274	4
1283	4
1298	4
1325	4
1441	4
1442	4
1443	4
1445	4
1446	4
1447	4
1448	4
1449	4
1451	4
1452	4
1453	4
1455	4
1456	4
1457	4
1464	4
1466	4
1468	4
1469	4
1470	4
1471	4
1472	4
1473	4
1474	4
1475	4
1481	4
1483	4
1502	4
1520	4
1549	4
1550	4
1551	4
1552	4
1553	4
1554	4
1556	4
1581	4
1617	4
1618	4
1626	4
1665	4
1675	4
1676	4
1677	4
1679	4
1680	4
1681	4
1682	4
1683	4
1687	4
1688	4
1707	4
1713	4
1722	4
1815	4
1818	4
1834	4
1843	4
1853	4
1896	4
1912	4
1922	4
1954	4
1956	4
1957	4
1958	4
1959	4
1960	4
1961	4
1963	4
1965	4
1966	4
1967	4
1968	4
1969	4
1971	4
1972	4
1973	4
1975	4
1976	4
1978	4
1979	4
1980	4
1981	4
1982	4
1983	4
1984	4
1985	4
2026	4
2032	4
2044	4
2117	4
2132	4
2143	4
2180	4
2188	4
2191	4
2217	4
2222	4
2223	4
2224	4
2225	4
2226	4
2228	4
2229	4
2230	4
2231	4
2232	4
2233	4
2234	4
2235	4
2245	4
2246	4
2247	4
2248	4
2249	4
2251	4
2253	4
2254	4
2255	4
2256	4
2257	4
2258	4
2259	4
2261	4
2262	4
2264	4
2269	4
2451	4
2459	4
2523	4
2546	4
2608	4
2653	4
2703	4
2714	4
2716	4
2760	4
2769	4
2807	4
2808	4
2809	4
2811	4
2812	4
2813	4
2814	4
2815	4
2816	4
2817	4
2818	4
2819	4
2820	4
2822	4
2824	4
2825	4
2826	4
2827	4
2828	4
2829	4
2830	4
2832	4
2833	4
2834	4
2835	4
2836	4
2837	4
2860	4
2869	4
2874	4
2881	4
2892	4
2908	4
2915	4
2934	4
2989	4
140	5
155	5
156	5
157	5
158	5
159	5
160	5
162	5
163	5
165	5
166	5
167	5
168	5
169	5
170	5
171	5
172	5
205	5
210	5
212	5
257	5
270	5
271	5
272	5
273	5
274	5
275	5
276	5
277	5
278	5
279	5
372	5
431	5
432	5
433	5
434	5
435	5
436	5
437	5
500	5
548	5
553	5
565	5
591	5
595	5
596	5
597	5
598	5
600	5
601	5
603	5
604	5
606	5
607	5
609	5
610	5
613	5
614	5
615	5
616	5
617	5
618	5
619	5
620	5
621	5
629	5
630	5
631	5
632	5
634	5
635	5
636	5
637	5
638	5
639	5
641	5
642	5
643	5
646	5
647	5
648	5
649	5
650	5
651	5
652	5
749	5
750	5
751	5
752	5
753	5
754	5
756	5
757	5
758	5
759	5
760	5
761	5
763	5
765	5
829	5
830	5
831	5
833	5
834	5
835	5
836	5
837	5
838	5
839	5
840	5
841	5
842	5
848	5
858	5
859	5
860	5
861	5
862	5
864	5
865	5
866	5
867	5
868	5
870	5
871	5
873	5
893	5
906	5
907	5
908	5
909	5
910	5
911	5
912	5
913	5
914	5
916	5
927	5
932	5
943	5
969	5
977	5
987	5
1058	5
1059	5
1061	5
1062	5
1063	5
1064	5
1065	5
1066	5
1067	5
1068	5
1069	5
1071	5
1072	5
1073	5
1075	5
1076	5
1077	5
1078	5
1079	5
1080	5
1081	5
1082	5
1083	5
1084	5
1085	5
1086	5
1087	5
1088	5
1089	5
1090	5
1091	5
1093	5
1094	5
1095	5
1096	5
1097	5
1098	5
1099	5
1100	5
1101	5
1103	5
1104	5
1105	5
1106	5
1107	5
1108	5
1109	5
1111	5
1113	5
1115	5
1120	5
1124	5
1125	5
1126	5
1127	5
1128	5
1166	5
1174	5
1216	5
1223	5
1305	5
1338	5
1458	5
1459	5
1460	5
1461	5
1462	5
1463	5
1476	5
1477	5
1478	5
1479	5
1480	5
1482	5
1484	5
1486	5
1487	5
1488	5
1489	5
1490	5
1495	5
1536	5
1560	5
1561	5
1564	5
1596	5
1651	5
1653	5
1654	5
1655	5
1656	5
1657	5
1658	5
1659	5
1660	5
1661	5
1662	5
1663	5
1664	5
1684	5
1689	5
1690	5
1691	5
1692	5
1693	5
1694	5
1695	5
1696	5
1697	5
1698	5
1699	5
1700	5
1701	5
1702	5
1703	5
1704	5
1705	5
1708	5
1709	5
1710	5
1711	5
1714	5
1715	5
1716	5
1717	5
1718	5
1720	5
1721	5
1750	5
1751	5
1770	5
1798	5
1835	5
1882	5
1932	5
1933	5
1934	5
1935	5
1936	5
1937	5
1938	5
1939	5
1941	5
1942	5
1943	5
1974	5
1977	5
1986	5
1987	5
1990	5
1991	5
1993	5
1994	5
1995	5
1996	5
1997	5
1998	5
1999	5
2000	5
2002	5
2008	5
2009	5
2010	5
2011	5
2012	5
2013	5
2015	5
2016	5
2017	5
2018	5
2019	5
2042	5
2043	5
2045	5
2046	5
2047	5
2048	5
2049	5
2050	5
2051	5
2052	5
2053	5
2054	5
2055	5
2108	5
2127	5
2167	5
2175	5
2263	5
2265	5
2266	5
2267	5
2268	5
2270	5
2271	5
2272	5
2273	5
2274	5
2275	5
2294	5
2323	5
2332	5
2340	5
2449	5
2476	5
2484	5
2530	5
2557	5
2558	5
2560	5
2561	5
2563	5
2564	5
2566	5
2567	5
2568	5
2569	5
2570	5
2571	5
2572	5
2573	5
2585	5
2586	5
2587	5
2589	5
2590	5
2591	5
2712	5
2805	5
2821	5
2839	5
2840	5
2841	5
2842	5
2843	5
2844	5
2845	5
2846	5
2847	5
2849	5
2850	5
2904	5
2918	5
2919	5
2920	5
0	0
1	0
2	0
3	0
4	0
5	0
6	0
8	0
9	0
10	0
11	0
12	0
13	0
15	0
16	0
37	0
48	0
53	0
56	0
69	0
70	0
71	0
72	0
73	0
74	0
75	0
76	0
77	0
78	0
79	0
80	0
94	0
95	0
96	0
97	0
98	0
99	0
100	0
103	0
104	0
105	0
106	0
107	0
108	0
127	0
131	0
134	0
144	0
160	0
173	0
174	0
176	0
177	0
178	0
179	0
180	0
181	0
183	0
184	0
185	0
187	0
189	0
190	0
191	0
192	0
193	0
194	0
195	0
196	0
200	0
201	0
202	0
203	0
204	0
206	0
207	0
212	0
213	0
214	0
215	0
216	0
217	0
218	0
219	0
220	0
221	0
222	0
223	0
224	0
225	0
226	0
236	0
238	0
239	0
240	0
251	0
265	0
270	0
286	0
288	0
289	0
290	0
293	0
294	0
296	0
297	0
298	0
299	0
300	0
302	0
303	0
304	0
305	0
308	0
309	0
318	0
322	0
368	0
378	0
379	0
380	0
381	0
382	0
383	0
384	0
385	0
386	0
387	0
388	0
389	0
390	0
392	0
393	0
394	0
395	0
396	0
397	0
398	0
399	0
400	0
401	0
402	0
413	0
419	0
438	0
439	0
440	0
441	0
442	0
444	0
445	0
446	0
447	0
449	0
450	0
451	0
452	0
453	0
454	0
455	0
456	0
458	0
459	0
460	0
461	0
463	0
464	0
465	0
466	0
468	0
469	0
472	0
473	0
474	0
475	0
476	0
477	0
486	0
488	0
489	0
490	0
492	0
494	0
495	0
496	0
497	0
498	0
499	0
500	0
501	0
502	0
503	0
506	0
525	0
545	0
546	0
547	0
548	0
549	0
550	0
551	0
552	0
553	0
554	0
555	0
556	0
557	0
558	0
559	0
560	0
561	0
563	0
564	0
578	0
590	0
596	0
610	0
612	0
617	0
622	0
624	0
625	0
626	0
627	0
628	0
629	0
643	0
652	0
653	0
654	0
655	0
656	0
658	0
659	0
660	0
661	0
662	0
663	0
664	0
666	0
668	0
669	0
671	0
672	0
673	0
674	0
676	0
677	0
678	0
679	0
680	0
681	0
682	0
683	0
684	0
685	0
686	0
687	0
688	0
689	0
691	0
692	0
693	0
694	0
695	0
696	0
697	0
700	0
701	0
704	0
721	0
722	0
723	0
724	0
725	0
726	0
727	0
728	0
729	0
730	0
731	0
732	0
733	0
734	0
735	0
737	0
738	0
739	0
740	0
741	0
762	0
763	0
764	0
765	0
766	0
767	0
768	0
769	0
770	0
807	0
808	0
809	0
810	0
812	0
813	0
814	0
815	0
842	0
848	0
872	0
873	0
874	0
875	0
876	0
877	0
878	0
879	0
894	0
919	0
952	0
980	0
985	0
986	0
987	0
988	0
989	0
990	0
991	0
992	0
993	0
994	0
995	0
996	0
997	0
998	0
1000	0
1001	0
1002	0
1003	0
1004	0
1006	0
1007	0
1008	0
1010	0
1011	0
1012	0
1013	0
1015	0
1016	0
1017	0
1018	0
1019	0
1020	0
1021	0
1042	0
1051	0
1081	0
1087	0
1114	0
1115	0
1116	0
1117	0
1118	0
1139	0
1147	0
1148	0
1149	0
1150	0
1151	0
1152	0
1153	0
1154	0
1156	0
1157	0
1158	0
1159	0
1160	0
1161	0
1162	0
1164	0
1166	0
1167	0
1168	0
1169	0
1171	0
1172	0
1173	0
1174	0
1175	0
1176	0
1177	0
1178	0
1179	0
1180	0
1181	0
1182	0
1183	0
1194	0
1195	0
1226	0
1227	0
1228	0
1229	0
1230	0
1231	0
1232	0
1233	0
1234	0
1235	0
1244	0
1263	0
1275	0
1276	0
1277	0
1278	0
1279	0
1281	0
1283	0
1284	0
1285	0
1286	0
1287	0
1288	0
1289	0
1290	0
1306	0
1336	0
1338	0
1339	0
1340	0
1341	0
1342	0
1343	0
1345	0
1346	0
1380	0
1381	0
1382	0
1383	0
1384	0
1385	0
1386	0
1388	0
1389	0
1390	0
1391	0
1392	0
1395	0
1396	0
1397	0
1399	0
1400	0
1401	0
1402	0
1403	0
1404	0
1405	0
1406	0
1407	0
1408	0
1409	0
1410	0
1411	0
1412	0
1413	0
1415	0
1416	0
1417	0
1418	0
1419	0
1420	0
1421	0
1422	0
1423	0
1424	0
1425	0
1426	0
1427	0
1428	0
1429	0
1430	0
1431	0
1432	0
1433	0
1434	0
1435	0
1437	0
1438	0
1439	0
1445	0
1449	0
1491	0
1493	0
1495	0
1496	0
1497	0
1498	0
1499	0
1500	0
1501	0
1502	0
1503	0
1504	0
1505	0
1506	0
1507	0
1508	0
1510	0
1511	0
1512	0
1513	0
1514	0
1515	0
1517	0
1518	0
1520	0
1521	0
1522	0
1523	0
1524	0
1525	0
1526	0
1527	0
1528	0
1529	0
1530	0
1532	0
1533	0
1535	0
1536	0
1537	0
1538	0
1539	0
1540	0
1541	0
1542	0
1543	0
1544	0
1545	0
1546	0
1547	0
1575	0
1576	0
1577	0
1578	0
1579	0
1580	0
1581	0
1582	0
1583	0
1585	0
1586	0
1587	0
1588	0
1589	0
1590	0
1601	0
1602	0
1603	0
1604	0
1605	0
1629	0
1630	0
1631	0
1632	0
1633	0
1634	0
1635	0
1636	0
1637	0
1638	0
1639	0
1640	0
1642	0
1643	0
1644	0
1645	0
1646	0
1647	0
1648	0
1650	0
1654	0
1663	0
1666	0
1667	0
1668	0
1669	0
1670	0
1671	0
1672	0
1690	0
1716	0
1723	0
1725	0
1726	0
1727	0
1728	0
1729	0
1730	0
1732	0
1733	0
1734	0
1735	0
1736	0
1737	0
1738	0
1739	0
1741	0
1742	0
1743	0
1744	0
1745	0
1746	0
1747	0
1791	0
1801	0
1806	0
1807	0
1808	0
1809	0
1810	0
1811	0
1812	0
1813	0
1814	0
1815	0
1816	0
1817	0
1818	0
1819	0
1820	0
1821	0
1823	0
1824	0
1825	0
1826	0
1827	0
1828	0
1829	0
1831	0
1832	0
1833	0
1834	0
1835	0
1836	0
1837	0
1838	0
1839	0
1840	0
1841	0
1842	0
1843	0
1844	0
1845	0
1846	0
1848	0
1849	0
1851	0
1852	0
1853	0
1854	0
1855	0
1863	0
1884	0
1909	0
1911	0
1912	0
1913	0
1914	0
1915	0
1916	0
1917	0
1918	0
1919	0
1920	0
1921	0
1922	0
1923	0
1924	0
1925	0
1944	0
1945	0
1946	0
1947	0
1949	0
1950	0
1952	0
1953	0
1955	0
1959	0
1970	0
1985	0
1997	0
2008	0
2020	0
2021	0
2022	0
2024	0
2025	0
2026	0
2027	0
2028	0
2031	0
2033	0
2035	0
2036	0
2037	0
2038	0
2039	0
2040	0
2041	0
2049	0
2057	0
2059	0
2060	0
2061	0
2062	0
2063	0
2064	0
2065	0
2066	0
2068	0
2069	0
2070	0
2071	0
2072	0
2073	0
2102	0
2103	0
2111	0
2113	0
2114	0
2115	0
2116	0
2118	0
2119	0
2121	0
2149	0
2171	0
2172	0
2175	0
2176	0
2177	0
2178	0
2180	0
2181	0
2182	0
2183	0
2184	0
2185	0
2186	0
2188	0
2189	0
2190	0
2191	0
2192	0
2193	0
2194	0
2195	0
2197	0
2198	0
2199	0
2200	0
2201	0
2202	0
2203	0
2204	0
2205	0
2206	0
2207	0
2208	0
2209	0
2228	0
2236	0
2237	0
2238	0
2239	0
2240	0
2241	0
2243	0
2244	0
2269	0
2270	0
2276	0
2277	0
2279	0
2280	0
2281	0
2282	0
2283	0
2284	0
2285	0
2286	0
2287	0
2288	0
2290	0
2291	0
2292	0
2293	0
2294	0
2295	0
2296	0
2297	0
2298	0
2299	0
2300	0
2301	0
2302	0
2303	0
2304	0
2306	0
2307	0
2308	0
2309	0
2310	0
2311	0
2312	0
2313	0
2314	0
2315	0
2317	0
2318	0
2319	0
2320	0
2321	0
2322	0
2323	0
2324	0
2325	0
2326	0
2327	0
2328	0
2329	0
2330	0
2331	0
2332	0
2333	0
2335	0
2336	0
2337	0
2340	0
2358	0
2374	0
2375	0
2376	0
2377	0
2378	0
2379	0
2381	0
2382	0
2383	0
2385	0
2386	0
2387	0
2388	0
2389	0
2390	0
2391	0
2392	0
2393	0
2394	0
2396	0
2397	0
2398	0
2399	0
2400	0
2401	0
2402	0
2403	0
2404	0
2405	0
2406	0
2407	0
2408	0
2409	0
2410	0
2411	0
2412	0
2413	0
2414	0
2415	0
2429	0
2434	0
2440	0
2446	0
2458	0
2460	0
2470	0
2481	0
2483	0
2484	0
2485	0
2486	0
2488	0
2489	0
2490	0
2491	0
2493	0
2494	0
2495	0
2496	0
2497	0
2498	0
2499	0
2500	0
2501	0
2502	0
2503	0
2504	0
2505	0
2506	0
2507	0
2508	0
2509	0
2510	0
2511	0
2524	0
2525	0
2526	0
2527	0
2528	0
2530	0
2531	0
2532	0
2533	0
2534	0
2535	0
2536	0
2538	0
2540	0
2541	0
2542	0
2574	0
2575	0
2576	0
2577	0
2578	0
2580	0
2581	0
2582	0
2583	0
2589	0
2592	0
2593	0
2594	0
2595	0
2596	0
2597	0
2598	0
2599	0
2600	0
2602	0
2603	0
2604	0
2605	0
2606	0
2607	0
2608	0
2610	0
2611	0
2614	0
2615	0
2616	0
2617	0
2618	0
2619	0
2620	0
2621	0
2622	0
2623	0
2628	0
2632	0
2641	0
2653	0
2658	0
2673	0
2677	0
2678	0
2679	0
2680	0
2681	0
2682	0
2683	0
2684	0
2686	0
2687	0
2688	0
2689	0
2690	0
2691	0
2692	0
2694	0
2695	0
2696	0
2697	0
2698	0
2699	0
2700	0
2702	0
2703	0
2704	0
2705	0
2746	0
2754	0
2755	0
2756	0
2757	0
2758	0
2760	0
2761	0
2762	0
2763	0
2764	0
2765	0
2766	0
2767	0
2768	0
2769	0
2770	0
2771	0
2772	0
2773	0
2774	0
2775	0
2777	0
2778	0
2779	0
2781	0
2782	0
2783	0
2784	0
2785	0
2786	0
2787	0
2788	0
2789	0
2790	0
2791	0
2792	0
2793	0
2794	0
2795	0
2796	0
2797	0
2799	0
2800	0
2801	0
2802	0
2803	0
2804	0
2837	0
2848	0
2851	0
2852	0
2853	0
2854	0
2855	0
2856	0
2858	0
2873	0
2874	0
2886	0
2887	0
2888	0
2889	0
2890	0
2892	0
2894	0
2895	0
2896	0
2897	0
2898	0
2899	0
2900	0
2901	0
2902	0
2903	0
2905	0
2907	0
2923	0
2946	0
2957	0
2958	0
2959	0
2960	0
2961	0
2962	0
2963	0
2964	0
2966	0
2967	0
2968	0
2969	0
2970	0
2971	0
2972	0
2973	0
2974	0
2975	0
2976	0
2977	0
2978	0
2979	0
2980	0
2981	0
2982	0
2983	0
2984	0
2985	0
2986	0
2987	0
2988	0
2989	0
2990	0
2992	0
2994	0
2995	0
2996	0
2997	0
2999	0
3000	0
3001	0
3002	0
17	1
18	1
19	1
20	1
21	1
23	1
24	1
25	1
26	1
27	1
28	1
29	1
30	1
31	1
33	1
34	1
35	1
36	1
38	1
39	1
40	1
41	1
42	1
43	1
44	1
45	1
47	1
49	1
50	1
51	1
52	1
54	1
55	1
89	1
91	1
101	1
109	1
110	1
111	1
112	1
113	1
114	1
115	1
116	1
117	1
118	1
119	1
120	1
121	1
122	1
123	1
124	1
125	1
126	1
128	1
130	1
132	1
133	1
135	1
136	1
138	1
139	1
140	1
141	1
142	1
143	1
145	1
146	1
147	1
148	1
149	1
150	1
151	1
152	1
153	1
154	1
159	1
197	1
198	1
199	1
209	1
210	1
227	1
228	1
229	1
230	1
231	1
232	1
233	1
234	1
235	1
241	1
242	1
243	1
244	1
245	1
246	1
247	1
249	1
250	1
252	1
253	1
255	1
257	1
258	1
259	1
260	1
261	1
262	1
263	1
264	1
266	1
267	1
268	1
269	1
281	1
282	1
283	1
284	1
285	1
292	1
306	1
307	1
310	1
311	1
312	1
313	1
314	1
315	1
316	1
317	1
319	1
320	1
321	1
323	1
324	1
325	1
326	1
327	1
328	1
329	1
330	1
331	1
332	1
333	1
334	1
335	1
336	1
337	1
338	1
339	1
340	1
341	1
342	1
343	1
344	1
345	1
346	1
347	1
348	1
349	1
350	1
352	1
353	1
354	1
356	1
363	1
365	1
391	1
409	1
410	1
411	1
412	1
414	1
415	1
416	1
417	1
418	1
420	1
421	1
422	1
425	1
443	1
457	1
462	1
467	1
478	1
479	1
480	1
481	1
482	1
483	1
484	1
485	1
491	1
505	1
512	1
513	1
514	1
515	1
516	1
517	1
518	1
520	1
521	1
522	1
523	1
524	1
531	1
539	1
565	1
566	1
567	1
568	1
569	1
570	1
571	1
572	1
574	1
575	1
576	1
579	1
580	1
581	1
582	1
583	1
584	1
585	1
586	1
587	1
588	1
589	1
591	1
592	1
594	1
601	1
606	1
608	1
667	1
670	1
690	1
698	1
702	1
703	1
705	1
708	1
709	1
710	1
711	1
712	1
713	1
714	1
715	1
716	1
717	1
718	1
719	1
720	1
736	1
742	1
743	1
745	1
746	1
747	1
748	1
771	1
772	1
773	1
774	1
775	1
776	1
777	1
778	1
779	1
781	1
782	1
789	1
790	1
791	1
792	1
793	1
794	1
796	1
797	1
798	1
799	1
800	1
801	1
802	1
803	1
804	1
805	1
806	1
816	1
817	1
818	1
819	1
820	1
821	1
822	1
823	1
824	1
825	1
826	1
827	1
828	1
833	1
835	1
844	1
845	1
846	1
847	1
849	1
850	1
851	1
852	1
853	1
854	1
855	1
857	1
868	1
869	1
889	1
890	1
891	1
892	1
893	1
895	1
896	1
898	1
899	1
900	1
901	1
902	1
903	1
904	1
905	1
906	1
918	1
920	1
921	1
922	1
923	1
924	1
925	1
926	1
927	1
928	1
929	1
930	1
931	1
932	1
933	1
935	1
936	1
937	1
938	1
939	1
940	1
941	1
942	1
943	1
944	1
945	1
946	1
947	1
948	1
949	1
950	1
951	1
953	1
954	1
955	1
956	1
969	1
972	1
976	1
999	1
1005	1
1009	1
1014	1
1022	1
1023	1
1024	1
1025	1
1026	1
1027	1
1028	1
1029	1
1030	1
1031	1
1032	1
1033	1
1034	1
1035	1
1037	1
1038	1
1039	1
1040	1
1041	1
1043	1
1044	1
1045	1
1046	1
1047	1
1048	1
1049	1
1050	1
1052	1
1053	1
1054	1
1055	1
1056	1
1057	1
1129	1
1130	1
1131	1
1132	1
1133	1
1134	1
1135	1
1136	1
1137	1
1138	1
1140	1
1141	1
1142	1
1143	1
1144	1
1145	1
1146	1
1165	1
1170	1
1184	1
1185	1
1186	1
1187	1
1188	1
1189	1
1190	1
1191	1
1192	1
1193	1
1196	1
1197	1
1198	1
1199	1
1200	1
1201	1
1202	1
1203	1
1204	1
1205	1
1206	1
1207	1
1208	1
1209	1
1210	1
1211	1
1212	1
1213	1
1215	1
1216	1
1218	1
1219	1
1224	1
1250	1
1251	1
1252	1
1253	1
1254	1
1255	1
1256	1
1257	1
1258	1
1259	1
1260	1
1262	1
1264	1
1265	1
1267	1
1268	1
1269	1
1270	1
1271	1
1272	1
1273	1
1274	1
1280	1
1282	1
1291	1
1292	1
1293	1
1294	1
1295	1
1296	1
1297	1
1299	1
1300	1
1301	1
1302	1
1303	1
1304	1
1305	1
1307	1
1308	1
1309	1
1310	1
1311	1
1312	1
1313	1
1314	1
1315	1
1317	1
1318	1
1319	1
1320	1
1321	1
1322	1
1324	1
1325	1
1326	1
1327	1
1328	1
1329	1
1330	1
1332	1
1333	1
1334	1
1335	1
1337	1
1347	1
1348	1
1349	1
1350	1
1351	1
1352	1
1353	1
1354	1
1355	1
1356	1
1357	1
1359	1
1360	1
1361	1
1362	1
1363	1
1364	1
1365	1
1366	1
1367	1
1368	1
1387	1
1394	1
1414	1
1440	1
1441	1
1442	1
1443	1
1444	1
1446	1
1447	1
1448	1
1450	1
1451	1
1452	1
1453	1
1454	1
1455	1
1456	1
1457	1
1464	1
1465	1
1466	1
1467	1
1468	1
1469	1
1470	1
1471	1
1472	1
1473	1
1474	1
1475	1
1494	1
1548	1
1549	1
1550	1
1551	1
1552	1
1553	1
1554	1
1555	1
1556	1
1557	1
1558	1
1559	1
1560	1
1561	1
1562	1
1563	1
1564	1
1565	1
1566	1
1568	1
1569	1
1570	1
1571	1
1572	1
1573	1
1591	1
1592	1
1593	1
1594	1
1596	1
1597	1
1598	1
1599	1
1600	1
1611	1
1614	1
1615	1
1624	1
1658	1
1665	1
1673	1
1674	1
1675	1
1676	1
1677	1
1678	1
1679	1
1680	1
1681	1
1682	1
1684	1
1685	1
1686	1
1687	1
1688	1
1721	1
1740	1
1748	1
1749	1
1750	1
1751	1
1752	1
1753	1
1754	1
1755	1
1757	1
1758	1
1759	1
1760	1
1761	1
1762	1
1763	1
1764	1
1765	1
1766	1
1767	1
1768	1
1769	1
1770	1
1771	1
1772	1
1773	1
1774	1
1775	1
1776	1
1777	1
1778	1
1779	1
1780	1
1781	1
1782	1
1783	1
1784	1
1785	1
1786	1
1787	1
1788	1
1789	1
1790	1
1792	1
1793	1
1794	1
1795	1
1796	1
1797	1
1798	1
1799	1
1800	1
1802	1
1803	1
1804	1
1805	1
1830	1
1847	1
1850	1
1856	1
1857	1
1858	1
1859	1
1860	1
1861	1
1864	1
1865	1
1868	1
1869	1
1870	1
1871	1
1872	1
1873	1
1874	1
1875	1
1876	1
1877	1
1878	1
1886	1
1926	1
1927	1
1928	1
1929	1
1930	1
1931	1
1937	1
1948	1
1954	1
1956	1
1957	1
1958	1
1960	1
1962	1
1963	1
1964	1
1965	1
1966	1
1967	1
1969	1
1971	1
1972	1
1973	1
1974	1
1975	1
1976	1
1977	1
1978	1
1979	1
1980	1
1981	1
1982	1
1983	1
1984	1
1996	1
2003	1
2004	1
2005	1
2006	1
2007	1
2023	1
2029	1
2032	1
2034	1
2067	1
2074	1
2075	1
2076	1
2077	1
2078	1
2079	1
2080	1
2081	1
2082	1
2083	1
2084	1
2085	1
2087	1
2088	1
2089	1
2091	1
2092	1
2093	1
2094	1
2095	1
2096	1
2097	1
2098	1
2099	1
2100	1
2101	1
2104	1
2105	1
2106	1
2107	1
2108	1
2110	1
2112	1
2117	1
2122	1
2123	1
2124	1
2125	1
2126	1
2127	1
2128	1
2129	1
2130	1
2131	1
2132	1
2133	1
2134	1
2135	1
2136	1
2137	1
2138	1
2139	1
2140	1
2141	1
2142	1
2143	1
2144	1
2145	1
2146	1
2147	1
2148	1
2150	1
2151	1
2152	1
2153	1
2179	1
2187	1
2196	1
2211	1
2212	1
2213	1
2214	1
2215	1
2216	1
2217	1
2218	1
2219	1
2220	1
2221	1
2222	1
2223	1
2224	1
2225	1
2226	1
2227	1
2229	1
2231	1
2232	1
2233	1
2234	1
2242	1
2245	1
2246	1
2247	1
2248	1
2249	1
2250	1
2251	1
2252	1
2253	1
2254	1
2255	1
2256	1
2257	1
2258	1
2259	1
2260	1
2261	1
2262	1
2263	1
2305	1
2316	1
2334	1
2338	1
2339	1
2341	1
2342	1
2343	1
2344	1
2345	1
2346	1
2347	1
2348	1
2349	1
2350	1
2351	1
2352	1
2353	1
2354	1
2355	1
2356	1
2357	1
2359	1
2360	1
2361	1
2362	1
2363	1
2364	1
2365	1
2366	1
2367	1
2368	1
2369	1
2370	1
2371	1
2372	1
2373	1
2384	1
2416	1
2417	1
2418	1
2419	1
2420	1
2421	1
2422	1
2423	1
2424	1
2425	1
2427	1
2428	1
2430	1
2431	1
2432	1
2433	1
2435	1
2436	1
2437	1
2438	1
2439	1
2441	1
2444	1
2445	1
2447	1
2448	1
2449	1
2450	1
2451	1
2452	1
2453	1
2454	1
2455	1
2465	1
2469	1
2478	1
2479	1
2512	1
2513	1
2514	1
2516	1
2517	1
2518	1
2519	1
2520	1
2521	1
2522	1
2523	1
2537	1
2539	1
2553	1
2584	1
2612	1
2613	1
2624	1
2625	1
2626	1
2627	1
2629	1
2630	1
2631	1
2633	1
2634	1
2635	1
2636	1
2637	1
2638	1
2639	1
2640	1
2642	1
2643	1
2645	1
2646	1
2647	1
2648	1
2649	1
2650	1
2651	1
2652	1
2654	1
2655	1
2656	1
2657	1
2659	1
2660	1
2661	1
2663	1
2664	1
2665	1
2666	1
2667	1
2668	1
2669	1
2670	1
2671	1
2672	1
2674	1
2675	1
2676	1
2685	1
2693	1
2701	1
2706	1
2707	1
2708	1
2709	1
2710	1
2711	1
2712	1
2713	1
2714	1
2715	1
2716	1
2717	1
2718	1
2719	1
2720	1
2721	1
2722	1
2723	1
2748	1
2805	1
2806	1
2807	1
2808	1
2809	1
2810	1
2811	1
2812	1
2813	1
2814	1
2815	1
2816	1
2818	1
2819	1
2820	1
2821	1
2822	1
2823	1
2824	1
2825	1
2826	1
2827	1
2828	1
2829	1
2831	1
2832	1
2833	1
2834	1
2835	1
2836	1
2840	1
2857	1
2859	1
2860	1
2861	1
2862	1
2863	1
2864	1
2865	1
2867	1
2868	1
2869	1
2870	1
2871	1
2872	1
2875	1
2876	1
2877	1
2878	1
2879	1
2880	1
2881	1
2882	1
2883	1
2884	1
2885	1
2891	1
2893	1
2906	1
2908	1
2909	1
2910	1
2911	1
2912	1
2914	1
2915	1
2916	1
2917	1
2918	1
2919	1
2920	1
2921	1
2922	1
2924	1
2925	1
2926	1
2928	1
2929	1
2930	1
2931	1
2932	1
2933	1
2934	1
2935	1
2939	1
2952	1
2993	1
2998	1
7	2
14	2
22	2
32	2
46	2
57	2
58	2
59	2
60	2
61	2
62	2
63	2
64	2
65	2
66	2
67	2
68	2
81	2
82	2
83	2
84	2
85	2
86	2
87	2
88	2
90	2
92	2
93	2
102	2
129	2
137	2
155	2
156	2
157	2
158	2
161	2
162	2
163	2
164	2
165	2
166	2
167	2
168	2
169	2
170	2
171	2
172	2
175	2
182	2
186	2
188	2
205	2
208	2
211	2
237	2
248	2
254	2
256	2
271	2
272	2
273	2
274	2
275	2
276	2
277	2
278	2
279	2
280	2
287	2
291	2
295	2
301	2
351	2
355	2
357	2
358	2
359	2
360	2
361	2
362	2
364	2
366	2
367	2
369	2
370	2
371	2
372	2
373	2
374	2
375	2
376	2
377	2
403	2
404	2
405	2
406	2
407	2
408	2
423	2
424	2
426	2
427	2
428	2
429	2
430	2
431	2
432	2
433	2
434	2
435	2
436	2
437	2
448	2
470	2
471	2
487	2
493	2
504	2
507	2
508	2
509	2
510	2
511	2
519	2
526	2
527	2
528	2
529	2
530	2
532	2
533	2
534	2
535	2
536	2
537	2
538	2
540	2
541	2
542	2
543	2
544	2
562	2
573	2
577	2
593	2
595	2
597	2
598	2
599	2
600	2
602	2
603	2
604	2
605	2
607	2
609	2
611	2
613	2
614	2
615	2
616	2
618	2
619	2
620	2
621	2
623	2
630	2
631	2
632	2
633	2
634	2
635	2
636	2
637	2
638	2
639	2
640	2
641	2
642	2
644	2
645	2
646	2
647	2
648	2
649	2
650	2
651	2
657	2
665	2
675	2
699	2
706	2
707	2
744	2
749	2
750	2
751	2
752	2
753	2
754	2
755	2
756	2
757	2
758	2
759	2
760	2
761	2
780	2
783	2
784	2
785	2
786	2
787	2
788	2
795	2
811	2
829	2
830	2
831	2
832	2
834	2
836	2
837	2
838	2
839	2
840	2
841	2
843	2
856	2
858	2
859	2
860	2
861	2
862	2
863	2
864	2
865	2
866	2
867	2
870	2
871	2
880	2
881	2
882	2
883	2
884	2
885	2
886	2
887	2
888	2
897	2
907	2
908	2
909	2
910	2
911	2
912	2
913	2
914	2
915	2
916	2
917	2
934	2
957	2
958	2
959	2
960	2
961	2
962	2
963	2
964	2
965	2
966	2
967	2
968	2
970	2
971	2
973	2
974	2
975	2
977	2
978	2
979	2
981	2
982	2
983	2
984	2
1036	2
1058	2
1059	2
1060	2
1061	2
1062	2
1063	2
1064	2
1065	2
1066	2
1067	2
1068	2
1069	2
1070	2
1071	2
1072	2
1073	2
1074	2
1075	2
1076	2
1077	2
1078	2
1079	2
1080	2
1082	2
1083	2
1084	2
1085	2
1086	2
1088	2
1089	2
1090	2
1091	2
1092	2
1093	2
1094	2
1095	2
1096	2
1097	2
1098	2
1099	2
1100	2
1101	2
1102	2
1103	2
1104	2
1105	2
1106	2
1107	2
1108	2
1109	2
1110	2
1111	2
1112	2
1113	2
1119	2
1120	2
1121	2
1122	2
1123	2
1124	2
1125	2
1126	2
1127	2
1128	2
1155	2
1163	2
1214	2
1217	2
1220	2
1221	2
1222	2
1223	2
1225	2
1236	2
1237	2
1238	2
1239	2
1240	2
1241	2
1242	2
1243	2
1245	2
1246	2
1247	2
1248	2
1249	2
1261	2
1266	2
1298	2
1316	2
1323	2
1331	2
1344	2
1358	2
1369	2
1370	2
1371	2
1372	2
1373	2
1374	2
1375	2
1376	2
1377	2
1378	2
1379	2
1393	2
1398	2
1436	2
1458	2
1459	2
1460	2
1461	2
1462	2
1463	2
1476	2
1477	2
1478	2
1479	2
1480	2
1481	2
1482	2
1483	2
1484	2
1485	2
1486	2
1487	2
1488	2
1489	2
1490	2
1492	2
1509	2
1516	2
1519	2
1531	2
1534	2
1567	2
1574	2
1584	2
1595	2
1606	2
1607	2
1608	2
1609	2
1610	2
1612	2
1613	2
1616	2
1617	2
1618	2
1619	2
1620	2
1621	2
1622	2
1623	2
1625	2
1626	2
1627	2
1628	2
1641	2
1649	2
1651	2
1652	2
1653	2
1655	2
1656	2
1657	2
1659	2
1660	2
1661	2
1662	2
1664	2
1683	2
1689	2
1691	2
1692	2
1693	2
1694	2
1695	2
1696	2
1697	2
1698	2
1699	2
1700	2
1701	2
1702	2
1703	2
1704	2
1705	2
1706	2
1707	2
1708	2
1709	2
1710	2
1711	2
1712	2
1713	2
1714	2
1715	2
1717	2
1718	2
1719	2
1720	2
1722	2
1724	2
1731	2
1756	2
1822	2
1862	2
1866	2
1867	2
1879	2
1880	2
1881	2
1882	2
1883	2
1885	2
1887	2
1888	2
1889	2
1890	2
1891	2
1892	2
1893	2
1894	2
1895	2
1896	2
1897	2
1898	2
1899	2
1900	2
1901	2
1902	2
1903	2
1904	2
1905	2
1906	2
1907	2
1908	2
1910	2
1932	2
1933	2
1934	2
1935	2
1936	2
1938	2
1939	2
1940	2
1941	2
1942	2
1943	2
1951	2
1961	2
1968	2
1986	2
1987	2
1988	2
1989	2
1990	2
1991	2
1992	2
1993	2
1994	2
1995	2
1998	2
1999	2
2000	2
2001	2
2002	2
2009	2
2010	2
2011	2
2012	2
2013	2
2014	2
2015	2
2016	2
2017	2
2018	2
2019	2
2030	2
2042	2
2043	2
2044	2
2045	2
2046	2
2047	2
2048	2
2050	2
2051	2
2052	2
2053	2
2054	2
2055	2
2056	2
2058	2
2086	2
2090	2
2109	2
2120	2
2154	2
2155	2
2156	2
2157	2
2158	2
2159	2
2160	2
2161	2
2162	2
2163	2
2164	2
2165	2
2166	2
2167	2
2168	2
2169	2
2170	2
2173	2
2174	2
2210	2
2230	2
2235	2
2264	2
2265	2
2266	2
2267	2
2268	2
2271	2
2272	2
2273	2
2274	2
2275	2
2278	2
2289	2
2380	2
2395	2
2426	2
2442	2
2443	2
2456	2
2457	2
2459	2
2461	2
2462	2
2463	2
2464	2
2466	2
2467	2
2468	2
2471	2
2472	2
2473	2
2474	2
2475	2
2476	2
2477	2
2480	2
2482	2
2487	2
2492	2
2515	2
2529	2
2543	2
2544	2
2545	2
2546	2
2547	2
2548	2
2549	2
2550	2
2551	2
2552	2
2554	2
2555	2
2556	2
2557	2
2558	2
2559	2
2560	2
2561	2
2562	2
2563	2
2564	2
2565	2
2566	2
2567	2
2568	2
2569	2
2570	2
2571	2
2572	2
2573	2
2579	2
2585	2
2586	2
2587	2
2588	2
2590	2
2591	2
2601	2
2609	2
2644	2
2662	2
2724	2
2725	2
2726	2
2727	2
2728	2
2729	2
2730	2
2731	2
2732	2
2733	2
2734	2
2735	2
2736	2
2737	2
2738	2
2739	2
2740	2
2741	2
2742	2
2743	2
2744	2
2745	2
2747	2
2749	2
2750	2
2751	2
2752	2
2753	2
2759	2
2776	2
2780	2
2798	2
2817	2
2830	2
2838	2
2839	2
2841	2
2842	2
2843	2
2844	2
2845	2
2846	2
2847	2
2849	2
2850	2
2866	2
2904	2
2913	2
2927	2
2936	2
2937	2
2938	2
2940	2
2941	2
2942	2
2943	2
2944	2
2945	2
2947	2
2948	2
2949	2
2950	2
2951	2
2953	2
2954	2
2955	2
2956	2
2965	2
2991	2
0	0
1	0
2	0
3	0
4	0
5	0
6	0
7	0
8	0
9	0
10	0
12	0
13	0
14	0
15	0
16	0
17	0
43	0
56	0
70	0
72	0
73	0
75	0
76	0
77	0
78	0
79	0
80	0
101	0
119	0
122	0
123	0
125	0
126	0
127	0
128	0
129	0
130	0
131	0
132	0
133	0
134	0
135	0
136	0
137	0
139	0
140	0
141	0
142	0
143	0
144	0
145	0
146	0
147	0
148	0
149	0
150	0
151	0
152	0
153	0
154	0
165	0
179	0
185	0
186	0
187	0
188	0
189	0
190	0
191	0
224	0
286	0
288	0
289	0
290	0
291	0
292	0
294	0
296	0
297	0
298	0
299	0
300	0
301	0
303	0
304	0
305	0
307	0
308	0
309	0
344	0
364	0
378	0
395	0
409	0
410	0
411	0
412	0
413	0
414	0
415	0
416	0
417	0
418	0
419	0
421	0
422	0
466	0
479	0
486	0
487	0
489	0
490	0
491	0
492	0
493	0
494	0
495	0
496	0
497	0
500	0
501	0
502	0
504	0
505	0
506	0
521	0
532	0
546	0
557	0
565	0
566	0
567	0
569	0
571	0
572	0
573	0
574	0
575	0
576	0
577	0
578	0
579	0
580	0
582	0
583	0
585	0
586	0
587	0
589	0
590	0
591	0
592	0
593	0
594	0
619	0
668	0
679	0
701	0
717	0
721	0
723	0
724	0
725	0
726	0
727	0
728	0
730	0
731	0
732	0
733	0
734	0
735	0
737	0
738	0
739	0
740	0
741	0
742	0
743	0
744	0
745	0
746	0
747	0
752	0
762	0
763	0
764	0
765	0
766	0
767	0
768	0
769	0
770	0
786	0
795	0
796	0
797	0
798	0
800	0
802	0
803	0
804	0
805	0
806	0
817	0
818	0
819	0
821	0
822	0
823	0
824	0
825	0
826	0
827	0
828	0
843	0
847	0
848	0
850	0
852	0
853	0
854	0
855	0
856	0
857	0
887	0
900	0
944	0
945	0
946	0
947	0
948	0
949	0
950	0
951	0
952	0
953	0
954	0
955	0
956	0
1008	0
1020	0
1022	0
1023	0
1024	0
1025	0
1026	0
1027	0
1029	0
1030	0
1031	0
1032	0
1034	0
1035	0
1046	0
1047	0
1048	0
1049	0
1050	0
1051	0
1052	0
1053	0
1054	0
1055	0
1057	0
1061	0
1084	0
1096	0
1108	0
1116	0
1147	0
1148	0
1149	0
1150	0
1151	0
1154	0
1155	0
1156	0
1157	0
1159	0
1160	0
1161	0
1162	0
1163	0
1164	0
1165	0
1166	0
1167	0
1168	0
1169	0
1171	0
1172	0
1173	0
1174	0
1175	0
1176	0
1177	0
1178	0
1179	0
1180	0
1181	0
1182	0
1183	0
1199	0
1252	0
1254	0
1255	0
1256	0
1257	0
1258	0
1259	0
1260	0
1261	0
1262	0
1263	0
1264	0
1265	0
1267	0
1268	0
1269	0
1270	0
1271	0
1272	0
1273	0
1275	0
1276	0
1277	0
1278	0
1279	0
1290	0
1333	0
1338	0
1339	0
1341	0
1342	0
1343	0
1344	0
1345	0
1347	0
1381	0
1441	0
1442	0
1444	0
1446	0
1447	0
1448	0
1450	0
1451	0
1452	0
1453	0
1454	0
1455	0
1456	0
1457	0
1464	0
1465	0
1466	0
1467	0
1469	0
1470	0
1472	0
1473	0
1474	0
1475	0
1493	0
1511	0
1531	0
1548	0
1549	0
1550	0
1551	0
1552	0
1553	0
1554	0
1556	0
1575	0
1576	0
1577	0
1578	0
1579	0
1580	0
1581	0
1583	0
1584	0
1586	0
1587	0
1588	0
1615	0
1673	0
1674	0
1675	0
1676	0
1677	0
1678	0
1679	0
1680	0
1681	0
1683	0
1684	0
1686	0
1687	0
1688	0
1715	0
1723	0
1724	0
1725	0
1726	0
1727	0
1728	0
1729	0
1730	0
1731	0
1732	0
1733	0
1734	0
1735	0
1736	0
1742	0
1798	0
1806	0
1808	0
1810	0
1811	0
1812	0
1813	0
1814	0
1815	0
1816	0
1817	0
1818	0
1820	0
1821	0
1823	0
1824	0
1825	0
1828	0
1830	0
1832	0
1833	0
1834	0
1835	0
1836	0
1837	0
1838	0
1839	0
1840	0
1841	0
1842	0
1843	0
1844	0
1847	0
1850	0
1851	0
1852	0
1853	0
1855	0
1867	0
1881	0
1908	0
1953	0
1954	0
1955	0
1957	0
1958	0
1959	0
1960	0
1961	0
1962	0
1963	0
1964	0
1965	0
1966	0
1968	0
1969	0
1970	0
1971	0
1972	0
1973	0
1975	0
1977	0
1978	0
1979	0
1980	0
1981	0
1982	0
1983	0
1984	0
1985	0
2011	0
2022	0
2053	0
2062	0
2096	0
2110	0
2111	0
2112	0
2114	0
2115	0
2116	0
2117	0
2118	0
2119	0
2120	0
2121	0
2133	0
2142	0
2161	0
2177	0
2193	0
2203	0
2222	0
2223	0
2224	0
2225	0
2226	0
2227	0
2228	0
2229	0
2230	0
2231	0
2232	0
2233	0
2235	0
2245	0
2246	0
2247	0
2248	0
2249	0
2251	0
2253	0
2254	0
2255	0
2256	0
2257	0
2258	0
2260	0
2262	0
2263	0
2264	0
2265	0
2284	0
2299	0
2302	0
2322	0
2345	0
2354	0
2359	0
2374	0
2376	0
2377	0
2378	0
2380	0
2381	0
2382	0
2383	0
2386	0
2387	0
2388	0
2390	0
2391	0
2393	0
2394	0
2397	0
2398	0
2399	0
2400	0
2401	0
2402	0
2404	0
2405	0
2406	0
2408	0
2409	0
2410	0
2411	0
2412	0
2413	0
2414	0
2424	0
2434	0
2435	0
2462	0
2465	0
2472	0
2504	0
2512	0
2516	0
2569	0
2591	0
2596	0
2613	0
2614	0
2615	0
2616	0
2617	0
2619	0
2620	0
2621	0
2622	0
2648	0
2677	0
2678	0
2681	0
2683	0
2684	0
2686	0
2687	0
2688	0
2689	0
2690	0
2692	0
2693	0
2694	0
2695	0
2696	0
2697	0
2698	0
2699	0
2700	0
2701	0
2702	0
2703	0
2704	0
2705	0
2738	0
2755	0
2783	0
2805	0
2806	0
2807	0
2808	0
2809	0
2812	0
2813	0
2815	0
2816	0
2817	0
2818	0
2819	0
2820	0
2821	0
2822	0
2823	0
2826	0
2827	0
2828	0
2829	0
2830	0
2831	0
2832	0
2833	0
2835	0
2836	0
2837	0
2841	0
2855	0
2886	0
2887	0
2888	0
2889	0
2890	0
2891	0
2892	0
2893	0
2894	0
2895	0
2896	0
2897	0
2898	0
2899	0
2900	0
2901	0
2902	0
2903	0
2904	0
2905	0
2917	0
2943	0
2951	0
2998	0
3001	0
18	1
19	1
20	1
21	1
22	1
23	1
24	1
25	1
26	1
27	1
28	1
29	1
30	1
31	1
32	1
33	1
34	1
35	1
36	1
37	1
38	1
39	1
40	1
41	1
42	1
44	1
45	1
46	1
47	1
48	1
49	1
50	1
51	1
52	1
53	1
54	1
55	1
59	1
66	1
74	1
99	1
111	1
120	1
124	1
155	1
156	1
157	1
158	1
159	1
160	1
163	1
164	1
167	1
168	1
169	1
170	1
171	1
172	1
194	1
196	1
215	1
227	1
228	1
229	1
230	1
231	1
232	1
233	1
234	1
235	1
237	1
242	1
256	1
270	1
271	1
272	1
273	1
276	1
277	1
278	1
279	1
287	1
306	1
310	1
311	1
312	1
313	1
314	1
315	1
316	1
317	1
318	1
319	1
321	1
322	1
323	1
324	1
325	1
326	1
327	1
329	1
330	1
331	1
332	1
333	1
334	1
335	1
336	1
337	1
338	1
339	1
340	1
342	1
343	1
345	1
346	1
347	1
348	1
349	1
350	1
351	1
352	1
353	1
355	1
356	1
357	1
361	1
366	1
391	1
406	1
420	1
429	1
430	1
431	1
433	1
434	1
435	1
436	1
437	1
450	1
462	1
472	1
499	1
512	1
513	1
514	1
515	1
517	1
518	1
519	1
520	1
522	1
523	1
524	1
563	1
570	1
584	1
595	1
596	1
597	1
598	1
599	1
600	1
602	1
603	1
604	1
605	1
606	1
607	1
608	1
609	1
610	1
611	1
612	1
613	1
614	1
615	1
616	1
617	1
618	1
620	1
621	1
629	1
630	1
631	1
632	1
633	1
635	1
636	1
637	1
639	1
641	1
642	1
643	1
644	1
645	1
646	1
647	1
648	1
649	1
650	1
651	1
654	1
677	1
729	1
736	1
749	1
750	1
751	1
754	1
755	1
756	1
757	1
758	1
759	1
760	1
761	1
771	1
772	1
773	1
774	1
776	1
777	1
779	1
780	1
781	1
782	1
789	1
790	1
791	1
792	1
793	1
794	1
799	1
801	1
814	1
815	1
829	1
830	1
831	1
832	1
833	1
834	1
835	1
836	1
837	1
838	1
839	1
840	1
842	1
858	1
859	1
860	1
861	1
862	1
863	1
864	1
865	1
866	1
867	1
868	1
869	1
870	1
877	1
906	1
907	1
908	1
909	1
910	1
911	1
912	1
913	1
914	1
916	1
917	1
918	1
919	1
920	1
921	1
922	1
924	1
925	1
926	1
927	1
928	1
929	1
930	1
931	1
932	1
933	1
934	1
935	1
937	1
938	1
939	1
940	1
941	1
942	1
943	1
989	1
999	1
1014	1
1033	1
1037	1
1058	1
1059	1
1060	1
1062	1
1063	1
1064	1
1066	1
1067	1
1068	1
1069	1
1072	1
1073	1
1074	1
1075	1
1076	1
1077	1
1078	1
1079	1
1080	1
1081	1
1082	1
1083	1
1085	1
1086	1
1087	1
1088	1
1089	1
1090	1
1091	1
1092	1
1093	1
1094	1
1095	1
1097	1
1098	1
1101	1
1102	1
1103	1
1105	1
1106	1
1107	1
1109	1
1110	1
1111	1
1113	1
1117	1
1120	1
1121	1
1122	1
1124	1
1125	1
1126	1
1127	1
1128	1
1152	1
1158	1
1184	1
1185	1
1186	1
1187	1
1188	1
1189	1
1190	1
1191	1
1192	1
1193	1
1194	1
1195	1
1196	1
1197	1
1198	1
1200	1
1201	1
1202	1
1204	1
1205	1
1206	1
1207	1
1208	1
1209	1
1210	1
1211	1
1212	1
1213	1
1214	1
1215	1
1216	1
1217	1
1218	1
1274	1
1291	1
1296	1
1319	1
1321	1
1346	1
1348	1
1349	1
1350	1
1351	1
1352	1
1353	1
1354	1
1355	1
1356	1
1357	1
1358	1
1359	1
1360	1
1361	1
1362	1
1363	1
1364	1
1365	1
1366	1
1367	1
1368	1
1375	1
1435	1
1443	1
1458	1
1459	1
1460	1
1461	1
1462	1
1463	1
1468	1
1476	1
1477	1
1478	1
1479	1
1480	1
1481	1
1482	1
1483	1
1484	1
1485	1
1486	1
1487	1
1488	1
1489	1
1490	1
1513	1
1514	1
1555	1
1569	1
1582	1
1589	1
1592	1
1593	1
1594	1
1595	1
1596	1
1597	1
1598	1
1599	1
1636	1
1642	1
1651	1
1653	1
1656	1
1657	1
1658	1
1659	1
1660	1
1661	1
1663	1
1664	1
1665	1
1682	1
1690	1
1691	1
1693	1
1694	1
1695	1
1696	1
1697	1
1698	1
1699	1
1700	1
1701	1
1702	1
1703	1
1704	1
1705	1
1706	1
1708	1
1709	1
1710	1
1711	1
1712	1
1713	1
1716	1
1717	1
1718	1
1719	1
1720	1
1721	1
1722	1
1766	1
1827	1
1829	1
1846	1
1856	1
1857	1
1858	1
1859	1
1860	1
1861	1
1862	1
1863	1
1866	1
1868	1
1869	1
1871	1
1873	1
1874	1
1875	1
1876	1
1878	1
1880	1
1913	1
1920	1
1932	1
1933	1
1934	1
1935	1
1936	1
1937	1
1939	1
1940	1
1941	1
1942	1
1943	1
1946	1
1956	1
1974	1
1987	1
1989	1
1990	1
1991	1
1992	1
1993	1
1994	1
1995	1
1996	1
1997	1
1998	1
1999	1
2000	1
2001	1
2002	1
2008	1
2009	1
2012	1
2013	1
2015	1
2016	1
2017	1
2018	1
2019	1
2028	1
2042	1
2043	1
2044	1
2045	1
2046	1
2047	1
2049	1
2050	1
2051	1
2054	1
2055	1
2056	1
2078	1
2122	1
2123	1
2124	1
2125	1
2126	1
2128	1
2129	1
2130	1
2131	1
2132	1
2134	1
2135	1
2137	1
2138	1
2139	1
2140	1
2141	1
2144	1
2145	1
2146	1
2147	1
2148	1
2149	1
2150	1
2151	1
2152	1
2153	1
2178	1
2200	1
2211	1
2212	1
2213	1
2214	1
2215	1
2216	1
2217	1
2218	1
2220	1
2234	1
2250	1
2268	1
2269	1
2270	1
2271	1
2272	1
2273	1
2274	1
2275	1
2306	1
2313	1
2361	1
2362	1
2363	1
2364	1
2365	1
2372	1
2375	1
2384	1
2385	1
2396	1
2403	1
2415	1
2416	1
2417	1
2418	1
2419	1
2420	1
2422	1
2423	1
2425	1
2426	1
2427	1
2428	1
2429	1
2430	1
2431	1
2432	1
2433	1
2436	1
2437	1
2438	1
2439	1
2440	1
2441	1
2442	1
2443	1
2444	1
2445	1
2446	1
2447	1
2448	1
2450	1
2451	1
2452	1
2453	1
2454	1
2455	1
2458	1
2463	1
2517	1
2525	1
2534	1
2536	1
2550	1
2557	1
2558	1
2559	1
2560	1
2561	1
2563	1
2564	1
2565	1
2566	1
2567	1
2568	1
2570	1
2571	1
2572	1
2573	1
2574	1
2576	1
2585	1
2586	1
2587	1
2588	1
2589	1
2590	1
2595	1
2601	1
2618	1
2639	1
2640	1
2641	1
2643	1
2644	1
2645	1
2646	1
2647	1
2655	1
2674	1
2680	1
2682	1
2706	1
2707	1
2708	1
2709	1
2710	1
2712	1
2713	1
2714	1
2716	1
2717	1
2719	1
2720	1
2721	1
2722	1
2760	1
2764	1
2791	1
2796	1
2800	1
2838	1
2840	1
2842	1
2843	1
2844	1
2845	1
2847	1
2848	1
2849	1
2850	1
2852	1
2906	1
2907	1
2908	1
2910	1
2912	1
2913	1
2914	1
2915	1
2916	1
2918	1
2919	1
2920	1
2921	1
2922	1
2923	1
2924	1
2925	1
2926	1
2927	1
2928	1
2929	1
2930	1
2931	1
2932	1
2933	1
2934	1
2935	1
2944	1
2950	1
11	2
57	2
58	2
60	2
61	2
62	2
63	2
64	2
67	2
68	2
71	2
81	2
82	2
83	2
84	2
85	2
86	2
87	2
88	2
89	2
90	2
91	2
92	2
93	2
96	2
121	2
138	2
161	2
162	2
192	2
193	2
195	2
197	2
198	2
199	2
200	2
201	2
202	2
203	2
204	2
205	2
206	2
208	2
209	2
210	2
211	2
212	2
213	2
214	2
216	2
217	2
218	2
219	2
220	2
221	2
222	2
223	2
226	2
236	2
238	2
239	2
240	2
262	2
275	2
328	2
354	2
358	2
359	2
360	2
362	2
363	2
365	2
367	2
368	2
369	2
370	2
371	2
372	2
373	2
374	2
375	2
376	2
377	2
390	2
403	2
404	2
408	2
423	2
424	2
425	2
426	2
427	2
428	2
432	2
452	2
453	2
454	2
455	2
456	2
457	2
458	2
459	2
460	2
461	2
463	2
464	2
465	2
467	2
468	2
469	2
470	2
471	2
473	2
474	2
475	2
476	2
477	2
503	2
508	2
509	2
510	2
525	2
526	2
527	2
528	2
529	2
530	2
531	2
533	2
535	2
536	2
537	2
538	2
539	2
540	2
541	2
542	2
543	2
544	2
568	2
581	2
588	2
625	2
638	2
652	2
653	2
655	2
656	2
657	2
658	2
659	2
660	2
661	2
662	2
663	2
664	2
665	2
666	2
667	2
669	2
670	2
671	2
672	2
673	2
674	2
675	2
676	2
681	2
682	2
683	2
685	2
686	2
687	2
688	2
689	2
690	2
691	2
692	2
693	2
694	2
695	2
697	2
698	2
699	2
700	2
778	2
783	2
785	2
787	2
788	2
844	2
845	2
846	2
851	2
871	2
872	2
873	2
874	2
875	2
876	2
878	2
879	2
880	2
881	2
882	2
883	2
884	2
885	2
886	2
936	2
957	2
958	2
959	2
960	2
961	2
962	2
963	2
964	2
965	2
966	2
967	2
968	2
969	2
970	2
971	2
972	2
973	2
974	2
975	2
976	2
977	2
978	2
979	2
980	2
981	2
982	2
983	2
984	2
985	2
986	2
987	2
988	2
990	2
991	2
1007	2
1028	2
1038	2
1056	2
1099	2
1100	2
1104	2
1114	2
1115	2
1118	2
1119	2
1203	2
1219	2
1221	2
1222	2
1223	2
1224	2
1225	2
1226	2
1227	2
1228	2
1229	2
1231	2
1232	2
1233	2
1234	2
1235	2
1236	2
1238	2
1239	2
1240	2
1241	2
1242	2
1243	2
1244	2
1245	2
1246	2
1247	2
1248	2
1249	2
1251	2
1280	2
1281	2
1301	2
1328	2
1332	2
1340	2
1369	2
1370	2
1371	2
1372	2
1373	2
1374	2
1377	2
1378	2
1382	2
1384	2
1386	2
1449	2
1471	2
1491	2
1492	2
1494	2
1495	2
1496	2
1497	2
1498	2
1499	2
1500	2
1501	2
1502	2
1503	2
1504	2
1506	2
1507	2
1508	2
1509	2
1510	2
1512	2
1515	2
1516	2
1517	2
1518	2
1519	2
1521	2
1522	2
1523	2
1524	2
1525	2
1526	2
1527	2
1528	2
1529	2
1530	2
1532	2
1533	2
1534	2
1535	2
1536	2
1537	2
1538	2
1539	2
1540	2
1541	2
1542	2
1543	2
1544	2
1545	2
1546	2
1547	2
1585	2
1590	2
1591	2
1600	2
1604	2
1606	2
1607	2
1608	2
1609	2
1610	2
1611	2
1612	2
1613	2
1614	2
1616	2
1617	2
1618	2
1619	2
1620	2
1621	2
1622	2
1623	2
1624	2
1625	2
1626	2
1627	2
1628	2
1645	2
1652	2
1654	2
1655	2
1685	2
1707	2
1714	2
1737	2
1739	2
1740	2
1741	2
1743	2
1744	2
1745	2
1746	2
1747	2
1748	2
1749	2
1765	2
1807	2
1809	2
1819	2
1826	2
1831	2
1849	2
1864	2
1877	2
1879	2
1882	2
1883	2
1884	2
1885	2
1886	2
1887	2
1888	2
1889	2
1890	2
1891	2
1892	2
1893	2
1894	2
1895	2
1896	2
1897	2
1898	2
1899	2
1900	2
1901	2
1902	2
1903	2
1904	2
1905	2
1906	2
1907	2
1909	2
1910	2
1944	2
1945	2
1947	2
1948	2
1949	2
1950	2
1951	2
1952	2
1976	2
1986	2
1988	2
2014	2
2020	2
2021	2
2023	2
2024	2
2025	2
2026	2
2027	2
2029	2
2030	2
2031	2
2032	2
2033	2
2034	2
2035	2
2036	2
2037	2
2038	2
2039	2
2040	2
2041	2
2057	2
2058	2
2059	2
2060	2
2061	2
2063	2
2064	2
2065	2
2066	2
2067	2
2068	2
2069	2
2070	2
2071	2
2072	2
2073	2
2080	2
2107	2
2127	2
2136	2
2143	2
2154	2
2155	2
2156	2
2157	2
2158	2
2159	2
2160	2
2163	2
2164	2
2165	2
2166	2
2167	2
2168	2
2169	2
2170	2
2171	2
2172	2
2173	2
2219	2
2236	2
2237	2
2238	2
2239	2
2240	2
2241	2
2242	2
2243	2
2244	2
2252	2
2267	2
2276	2
2277	2
2278	2
2279	2
2280	2
2281	2
2282	2
2283	2
2285	2
2286	2
2287	2
2288	2
2290	2
2291	2
2293	2
2294	2
2295	2
2296	2
2297	2
2298	2
2300	2
2301	2
2303	2
2304	2
2305	2
2307	2
2308	2
2309	2
2310	2
2311	2
2312	2
2314	2
2315	2
2316	2
2317	2
2318	2
2319	2
2320	2
2321	2
2323	2
2324	2
2325	2
2326	2
2327	2
2329	2
2331	2
2332	2
2334	2
2335	2
2336	2
2337	2
2344	2
2349	2
2371	2
2389	2
2392	2
2456	2
2457	2
2459	2
2460	2
2461	2
2464	2
2466	2
2467	2
2468	2
2469	2
2470	2
2471	2
2473	2
2474	2
2475	2
2476	2
2477	2
2479	2
2480	2
2481	2
2482	2
2524	2
2526	2
2527	2
2528	2
2529	2
2530	2
2531	2
2543	2
2544	2
2545	2
2546	2
2547	2
2548	2
2549	2
2551	2
2552	2
2553	2
2554	2
2555	2
2556	2
2578	2
2592	2
2593	2
2594	2
2597	2
2598	2
2599	2
2600	2
2602	2
2603	2
2604	2
2605	2
2606	2
2607	2
2608	2
2609	2
2611	2
2612	2
2642	2
2656	2
2668	2
2670	2
2691	2
2711	2
2724	2
2725	2
2726	2
2727	2
2728	2
2729	2
2730	2
2731	2
2732	2
2733	2
2734	2
2735	2
2736	2
2737	2
2739	2
2740	2
2741	2
2742	2
2743	2
2744	2
2745	2
2746	2
2747	2
2748	2
2749	2
2750	2
2751	2
2752	2
2753	2
2766	2
2811	2
2824	2
2825	2
2834	2
2846	2
2851	2
2853	2
2854	2
2885	2
2911	2
2936	2
2937	2
2938	2
2939	2
2940	2
2941	2
2942	2
2946	2
2947	2
2948	2
2949	2
2952	2
2953	2
2954	2
2955	2
2956	2
2965	2
2977	2
2995	2
65	3
69	3
94	3
95	3
97	3
98	3
100	3
102	3
103	3
104	3
105	3
106	3
107	3
108	3
109	3
110	3
112	3
113	3
114	3
115	3
116	3
117	3
118	3
166	3
173	3
174	3
175	3
176	3
177	3
178	3
180	3
181	3
182	3
183	3
184	3
207	3
225	3
241	3
243	3
244	3
245	3
246	3
247	3
248	3
249	3
250	3
251	3
252	3
253	3
254	3
255	3
257	3
258	3
259	3
260	3
261	3
263	3
264	3
265	3
266	3
267	3
268	3
269	3
274	3
280	3
281	3
282	3
283	3
284	3
285	3
293	3
295	3
302	3
320	3
341	3
379	3
380	3
381	3
382	3
383	3
384	3
385	3
386	3
387	3
388	3
389	3
392	3
393	3
394	3
396	3
397	3
398	3
399	3
400	3
401	3
402	3
405	3
407	3
438	3
439	3
440	3
441	3
442	3
443	3
444	3
445	3
446	3
447	3
448	3
449	3
451	3
478	3
480	3
481	3
482	3
483	3
484	3
485	3
488	3
498	3
507	3
511	3
516	3
534	3
545	3
547	3
548	3
549	3
550	3
551	3
552	3
553	3
554	3
555	3
556	3
558	3
559	3
560	3
561	3
562	3
564	3
601	3
622	3
623	3
624	3
626	3
627	3
628	3
634	3
640	3
678	3
680	3
684	3
696	3
702	3
703	3
704	3
705	3
706	3
707	3
708	3
709	3
710	3
711	3
712	3
713	3
714	3
715	3
716	3
718	3
719	3
720	3
722	3
748	3
753	3
775	3
784	3
807	3
808	3
809	3
810	3
811	3
812	3
813	3
816	3
820	3
841	3
849	3
888	3
889	3
890	3
891	3
892	3
893	3
894	3
895	3
896	3
897	3
898	3
899	3
901	3
902	3
903	3
904	3
905	3
915	3
923	3
992	3
993	3
994	3
995	3
996	3
997	3
998	3
1000	3
1001	3
1002	3
1003	3
1004	3
1005	3
1006	3
1009	3
1010	3
1011	3
1012	3
1013	3
1015	3
1016	3
1017	3
1018	3
1019	3
1021	3
1036	3
1039	3
1040	3
1041	3
1042	3
1043	3
1044	3
1045	3
1065	3
1070	3
1071	3
1112	3
1123	3
1129	3
1130	3
1131	3
1132	3
1133	3
1134	3
1135	3
1136	3
1137	3
1138	3
1139	3
1140	3
1141	3
1142	3
1143	3
1144	3
1145	3
1146	3
1153	3
1170	3
1220	3
1230	3
1237	3
1250	3
1253	3
1266	3
1282	3
1283	3
1284	3
1285	3
1286	3
1287	3
1288	3
1289	3
1292	3
1293	3
1294	3
1295	3
1297	3
1298	3
1299	3
1300	3
1302	3
1303	3
1304	3
1305	3
1306	3
1307	3
1308	3
1309	3
1310	3
1311	3
1312	3
1313	3
1314	3
1315	3
1316	3
1317	3
1318	3
1320	3
1322	3
1323	3
1324	3
1325	3
1326	3
1327	3
1329	3
1330	3
1331	3
1334	3
1335	3
1336	3
1337	3
1376	3
1379	3
1380	3
1383	3
1385	3
1387	3
1388	3
1389	3
1390	3
1391	3
1392	3
1393	3
1394	3
1395	3
1396	3
1397	3
1398	3
1399	3
1400	3
1401	3
1402	3
1403	3
1404	3
1405	3
1406	3
1407	3
1408	3
1409	3
1410	3
1411	3
1412	3
1413	3
1414	3
1415	3
1416	3
1417	3
1418	3
1419	3
1420	3
1421	3
1422	3
1423	3
1424	3
1425	3
1426	3
1427	3
1428	3
1429	3
1430	3
1431	3
1432	3
1433	3
1434	3
1436	3
1437	3
1438	3
1439	3
1440	3
1445	3
1505	3
1520	3
1557	3
1558	3
1559	3
1560	3
1561	3
1562	3
1563	3
1564	3
1565	3
1566	3
1567	3
1568	3
1570	3
1571	3
1572	3
1573	3
1574	3
1601	3
1602	3
1603	3
1605	3
1629	3
1630	3
1631	3
1632	3
1633	3
1634	3
1635	3
1637	3
1638	3
1639	3
1640	3
1641	3
1643	3
1644	3
1646	3
1647	3
1648	3
1649	3
1650	3
1662	3
1666	3
1667	3
1668	3
1669	3
1670	3
1671	3
1672	3
1689	3
1692	3
1738	3
1750	3
1751	3
1752	3
1753	3
1754	3
1755	3
1756	3
1757	3
1758	3
1759	3
1760	3
1761	3
1762	3
1763	3
1764	3
1767	3
1768	3
1769	3
1770	3
1771	3
1772	3
1773	3
1774	3
1775	3
1776	3
1777	3
1778	3
1779	3
1780	3
1781	3
1782	3
1783	3
1784	3
1785	3
1786	3
1787	3
1788	3
1789	3
1790	3
1791	3
1792	3
1793	3
1794	3
1795	3
1796	3
1797	3
1799	3
1800	3
1801	3
1802	3
1803	3
1804	3
1805	3
1822	3
1845	3
1848	3
1854	3
1865	3
1870	3
1872	3
1911	3
1912	3
1914	3
1915	3
1916	3
1917	3
1918	3
1919	3
1921	3
1922	3
1923	3
1924	3
1925	3
1926	3
1927	3
1928	3
1929	3
1930	3
1931	3
1938	3
1967	3
2003	3
2004	3
2005	3
2006	3
2007	3
2010	3
2048	3
2052	3
2074	3
2075	3
2076	3
2077	3
2079	3
2081	3
2082	3
2083	3
2084	3
2085	3
2086	3
2087	3
2088	3
2089	3
2090	3
2091	3
2092	3
2093	3
2094	3
2095	3
2097	3
2098	3
2099	3
2100	3
2101	3
2102	3
2103	3
2104	3
2105	3
2106	3
2108	3
2109	3
2113	3
2162	3
2174	3
2175	3
2176	3
2179	3
2180	3
2181	3
2182	3
2183	3
2184	3
2185	3
2186	3
2187	3
2188	3
2189	3
2190	3
2191	3
2192	3
2194	3
2195	3
2196	3
2197	3
2198	3
2199	3
2201	3
2202	3
2204	3
2205	3
2206	3
2207	3
2208	3
2209	3
2210	3
2221	3
2259	3
2261	3
2266	3
2289	3
2292	3
2328	3
2330	3
2333	3
2338	3
2339	3
2340	3
2341	3
2342	3
2343	3
2346	3
2347	3
2348	3
2350	3
2351	3
2352	3
2353	3
2355	3
2356	3
2357	3
2358	3
2360	3
2366	3
2367	3
2368	3
2369	3
2370	3
2373	3
2379	3
2395	3
2407	3
2421	3
2449	3
2478	3
2483	3
2484	3
2485	3
2486	3
2487	3
2488	3
2489	3
2490	3
2491	3
2492	3
2493	3
2494	3
2495	3
2496	3
2497	3
2498	3
2499	3
2500	3
2501	3
2502	3
2503	3
2505	3
2506	3
2507	3
2508	3
2509	3
2510	3
2511	3
2513	3
2514	3
2515	3
2518	3
2519	3
2520	3
2521	3
2522	3
2523	3
2532	3
2533	3
2535	3
2537	3
2538	3
2539	3
2540	3
2541	3
2542	3
2562	3
2575	3
2577	3
2579	3
2580	3
2581	3
2582	3
2583	3
2584	3
2610	3
2623	3
2624	3
2625	3
2626	3
2627	3
2628	3
2629	3
2630	3
2631	3
2632	3
2633	3
2634	3
2635	3
2636	3
2637	3
2638	3
2649	3
2650	3
2651	3
2652	3
2653	3
2654	3
2657	3
2658	3
2659	3
2660	3
2661	3
2662	3
2663	3
2664	3
2665	3
2666	3
2667	3
2669	3
2671	3
2672	3
2673	3
2675	3
2676	3
2679	3
2685	3
2715	3
2718	3
2723	3
2754	3
2756	3
2757	3
2758	3
2759	3
2761	3
2762	3
2763	3
2765	3
2767	3
2768	3
2769	3
2770	3
2771	3
2772	3
2773	3
2774	3
2775	3
2776	3
2777	3
2778	3
2779	3
2780	3
2781	3
2782	3
2784	3
2785	3
2786	3
2787	3
2788	3
2789	3
2790	3
2792	3
2793	3
2794	3
2795	3
2797	3
2798	3
2799	3
2801	3
2802	3
2803	3
2804	3
2810	3
2814	3
2839	3
2856	3
2857	3
2858	3
2859	3
2860	3
2861	3
2862	3
2863	3
2864	3
2865	3
2866	3
2867	3
2868	3
2869	3
2870	3
2871	3
2872	3
2873	3
2874	3
2875	3
2876	3
2877	3
2878	3
2879	3
2880	3
2881	3
2882	3
2883	3
2884	3
2909	3
2945	3
2957	3
2958	3
2959	3
2960	3
2961	3
2962	3
2963	3
2964	3
2966	3
2967	3
2968	3
2969	3
2970	3
2971	3
2972	3
2973	3
2974	3
2975	3
2976	3
2978	3
2979	3
2980	3
2981	3
2982	3
2983	3
2984	3
2985	3
2986	3
2987	3
2988	3
2989	3
2990	3
2991	3
2992	3
2993	3
2994	3
2996	3
2997	3
2999	3
3000	3
3002	3
