3	0
17	0
20	0
21	0
24	0
30	0
33	0
38	0
60	0
68	0
69	0
70	0
72	0
73	0
75	0
76	0
89	0
94	0
97	0
102	0
105	0
111	0
121	0
129	0
131	0
132	0
141	0
145	0
147	0
149	0
157	0
158	0
160	0
161	0
175	0
177	0
183	0
186	0
188	0
191	0
193	0
196	0
203	0
204	0
208	0
209	0
211	0
212	0
213	0
219	0
223	0
225	0
227	0
234	0
238	0
244	0
246	0
249	0
264	0
274	0
284	0
286	0
295	0
298	0
307	0
308	0
312	0
314	0
320	0
321	0
324	0
326	0
337	0
346	0
349	0
350	0
355	0
359	0
363	0
364	0
369	0
371	0
372	0
376	0
391	0
401	0
402	0
407	0
423	0
427	0
431	0
433	0
437	0
438	0
439	0
442	0
443	0
446	0
448	0
451	0
452	0
454	0
458	0
464	0
471	0
472	0
480	0
486	0
487	0
488	0
493	0
495	0
499	0
501	0
504	0
505	0
511	0
514	0
515	0
518	0
522	0
528	0
533	0
537	0
543	0
545	0
550	0
552	0
558	0
560	0
562	0
565	0
569	0
574	0
575	0
581	0
590	0
591	0
592	0
608	0
616	0
618	0
620	0
625	0
626	0
627	0
630	0
640	0
642	0
651	0
657	0
658	0
663	0
670	0
675	0
676	0
679	0
683	0
685	0
686	0
690	0
691	0
695	0
696	0
700	0
705	0
706	0
712	0
718	0
722	0
725	0
728	0
730	0
731	0
740	0
742	0
745	0
747	0
749	0
750	0
752	0
753	0
757	0
762	0
767	0
769	0
771	0
773	0
774	0
775	0
799	0
801	0
804	0
807	0
808	0
815	0
818	0
819	0
823	0
824	0
827	0
833	0
835	0
843	0
846	0
847	0
853	0
855	0
858	0
859	0
865	0
866	0
872	0
882	0
884	0
885	0
886	0
893	0
895	0
897	0
898	0
900	0
901	0
903	0
905	0
913	0
915	0
918	0
931	0
936	0
939	0
944	0
948	0
950	0
953	0
957	0
958	0
960	0
967	0
972	0
975	0
981	0
983	0
984	0
987	0
995	0
996	0
997	0
999	0
1000	0
1002	0
1004	0
1006	0
1007	0
1009	0
1019	0
1021	0
1030	0
1037	0
1041	0
1042	0
1045	0
1047	0
1054	0
1061	0
1070	0
1075	0
1079	0
1081	0
1089	0
1094	0
1101	0
1103	0
1108	0
1109	0
1110	0
1116	0
1117	0
1121	0
1131	0
1133	0
1136	0
1153	0
1154	0
1155	0
1156	0
1160	0
1162	0
1166	0
1167	0
1168	0
1170	0
1174	0
1179	0
1184	0
1189	0
1190	0
1191	0
1192	0
1194	0
1197	0
1203	0
1204	0
1209	0
1211	0
1213	0
1217	0
1222	0
1237	0
1238	0
1239	0
1242	0
1244	0
1252	0
1254	0
1258	0
1262	0
1266	0
1279	0
1282	0
1285	0
1287	0
1290	0
1292	0
1303	0
1304	0
1312	0
1316	0
1318	0
1325	0
1328	0
1329	0
1333	0
1334	0
1343	0
1354	0
1355	0
1356	0
1357	0
1369	0
1370	0
1371	0
1380	0
1383	0
1384	0
1391	0
1392	0
1398	0
1399	0
1403	0
1404	0
1411	0
1419	0
1421	0
1427	0
1445	0
1446	0
1452	0
1453	0
1454	0
1457	0
1466	0
1469	0
1471	0
1472	0
1473	0
1476	0
1481	0
1483	0
1486	0
1489	0
1490	0
1500	0
1523	0
1538	0
1549	0
1550	0
1552	0
1555	0
1556	0
1560	0
1561	0
1562	0
1566	0
1568	0
1571	0
1576	0
1579	0
1581	0
1584	0
1585	0
1593	0
1594	0
1597	0
1598	0
1599	0
1601	0
1607	0
1610	0
1612	0
1615	0
1627	0
1630	0
1634	0
1637	0
1642	0
1644	0
1645	0
1646	0
1651	0
1667	0
1670	0
1673	0
1674	0
1677	0
1679	0
1682	0
1683	0
1689	0
1697	0
1701	0
1704	0
1707	0
1708	0
1709	0
1710	0
1713	0
1714	0
1715	0
1721	0
1725	0
1726	0
1735	0
1745	0
1755	0
1757	0
1765	0
1766	0
1770	0
1771	0
1773	0
1776	0
1785	0
1786	0
1790	0
1791	0
1795	0
1796	0
1800	0
1803	0
1804	0
1805	0
1808	0
1819	0
1820	0
1821	0
1823	0
1826	0
1828	0
1830	0
1843	0
1846	0
1848	0
1859	0
1861	0
1866	0
1867	0
1869	0
1871	0
1872	0
1876	0
1877	0
1879	0
1881	0
1884	0
1885	0
1890	0
1893	0
1894	0
1918	0
1919	0
1921	0
1926	0
1931	0
1943	0
1957	0
1961	0
1964	0
1967	0
1968	0
1985	0
1991	0
1994	0
1995	0
1998	0
2002	0
2006	0
2007	0
2009	0
2010	0
2017	0
2022	0
2023	0
2024	0
2034	0
2036	0
2042	0
2050	0
2053	0
2058	0
2062	0
2068	0
2070	0
2071	0
2079	0
2080	0
2082	0
2086	0
2088	0
2091	0
2092	0
2097	0
2100	0
2101	0
2102	0
2110	0
2113	0
2115	0
2116	0
2118	0
2121	0
2122	0
2129	0
2134	0
2135	0
2137	0
2143	0
2150	0
2160	0
2165	0
2169	0
2170	0
2171	0
2172	0
2173	0
2182	0
2183	0
2190	0
2197	0
2201	0
2206	0
2208	0
2215	0
2223	0
2230	0
2248	0
2249	0
2252	0
2255	0
2258	0
2260	0
2261	0
2262	0
2269	0
2272	0
2280	0
2287	0
2290	0
2295	0
2296	0
2301	0
2304	0
2310	0
2318	0
2319	0
2321	0
2326	0
2340	0
2341	0
2342	0
2344	0
2348	0
2353	0
2355	0
2364	0
2371	0
2375	0
2380	0
2391	0
2392	0
2394	0
2400	0
2402	0
2403	0
2406	0
2410	0
2411	0
2421	0
2426	0
2433	0
2434	0
2436	0
2438	0
2441	0
2442	0
2443	0
2444	0
2445	0
2446	0
2447	0
2451	0
2452	0
2463	0
2466	0
2488	0
2489	0
2492	0
2505	0
2506	0
2513	0
2514	0
2519	0
2521	0
2523	0
2532	0
2538	0
2542	0
2552	0
2561	0
2564	0
2571	0
2572	0
2574	0
2576	0
2577	0
2580	0
2581	0
2583	0
2594	0
2595	0
2597	0
2599	0
2600	0
2602	0
2604	0
2605	0
2615	0
2617	0
2620	0
2621	0
2626	0
2635	0
2638	0
2639	0
2644	0
2645	0
2651	0
2654	0
2655	0
2657	0
2662	0
2666	0
2672	0
2673	0
2678	0
2688	0
2699	0
2700	0
2703	0
2707	0
2712	0
2715	0
2718	0
2721	0
2722	0
2733	0
2734	0
2739	0
2747	0
2750	0
2753	0
2756	0
2757	0
2758	0
2760	0
2763	0
2767	0
2768	0
2778	0
2780	0
2784	0
2785	0
2786	0
2791	0
2795	0
2803	0
2804	0
2809	0
2816	0
2822	0
2824	0
2825	0
2826	0
2829	0
2832	0
2837	0
2840	0
2847	0
2849	0
2855	0
2857	0
2858	0
2859	0
2865	0
2866	0
2867	0
2874	0
2880	0
2881	0
2886	0
2888	0
2890	0
2899	0
2901	0
2905	0
2907	0
2916	0
2917	0
2918	0
2936	0
2941	0
2946	0
2958	0
2960	0
2963	0
2967	0
2968	0
2970	0
2974	0
2977	0
2980	0
2981	0
2996	0
2998	0
3004	0
3005	0
3013	0
3021	0
3026	0
3028	0
3031	0
3032	0
3033	0
3037	0
3044	0
3047	0
3051	0
3052	0
3053	0
3055	0
3065	0
3071	0
3075	0
3078	0
3079	0
3081	0
3083	0
3090	0
3092	0
3096	0
3098	0
3102	0
3103	0
3109	0
3110	0
3111	0
3113	0
3114	0
3119	0
3124	0
3127	0
3129	0
3130	0
3131	0
3138	0
3140	0
3143	0
3144	0
3151	0
3156	0
3161	0
3164	0
3165	0
3168	0
3170	0
3171	0
3173	0
3174	0
3176	0
3179	0
3193	0
3197	0
3201	0
3202	0
3216	0
3217	0
3218	0
3221	0
3222	0
3225	0
3227	0
3230	0
3233	0
3237	0
3240	0
3246	0
3256	0
3260	0
3265	0
3269	0
3272	0
3273	0
3283	0
3284	0
3285	0
3287	0
3290	0
3294	0
3295	0
3300	0
3308	0
3310	0
3311	0
3315	0
3322	0
3323	0
3324	0
3327	0
3330	0
3331	0
3339	0
3343	0
3348	0
3358	0
3370	0
3373	0
3374	0
3379	0
3381	0
3383	0
3385	0
3395	0
3396	0
3398	0
3409	0
3422	0
3423	0
3425	0
3429	0
3431	0
3433	0
3443	0
3450	0
3452	0
3454	0
3460	0
3462	0
3466	0
3476	0
3477	0
3478	0
3483	0
3488	0
3493	0
3495	0
3497	0
3498	0
3502	0
3505	0
3519	0
3520	0
3521	0
3522	0
3525	0
3529	0
3532	0
3533	0
3534	0
3541	0
3544	0
3549	0
3554	0
3557	0
3558	0
3560	0
3563	0
3564	0
3570	0
3573	0
3577	0
3580	0
3588	0
3597	0
3599	0
3600	0
3603	0
3612	0
3615	0
3631	0
3633	0
3634	0
3638	0
3644	0
3645	0
3648	0
3650	0
3651	0
3652	0
3653	0
3659	0
3660	0
3666	0
3672	0
3684	0
3688	0
3693	0
3701	0
3702	0
3703	0
3707	0
3708	0
3710	0
3716	0
3723	0
3724	0
3727	0
3729	0
3730	0
3743	0
3757	0
3761	0
3762	0
3763	0
3765	0
3770	0
3776	0
3777	0
3779	0
3783	0
3789	0
3790	0
3791	0
3798	0
3802	0
3804	0
3806	0
3807	0
3812	0
3813	0
3817	0
3818	0
3821	0
3822	0
3823	0
3829	0
3849	0
3850	0
3853	0
3856	0
3857	0
3864	0
3867	0
3872	0
3874	0
3881	0
3889	0
3896	0
3902	0
3905	0
3908	0
3911	0
3913	0
3919	0
3927	0
3930	0
3936	0
3937	0
3941	0
3942	0
3945	0
3947	0
3948	0
3954	0
3959	0
3960	0
3961	0
3976	0
3977	0
3978	0
3979	0
3986	0
3987	0
3988	0
3990	0
3992	0
3994	0
3995	0
3998	0
3999	0
4005	0
4008	0
4010	0
4018	0
4022	0
4025	0
4027	0
4034	0
4038	0
4040	0
4045	0
4046	0
4049	0
4054	0
4066	0
4070	0
4071	0
4073	0
4078	0
4084	0
4088	0
4102	0
4105	0
4106	0
4107	0
4108	0
4110	0
4111	0
4122	0
4124	0
4128	0
4144	0
4151	0
4154	0
4157	0
4159	0
4160	0
4161	0
4168	0
4173	0
4182	0
4187	0
4188	0
4190	0
4201	0
4211	0
4212	0
4218	0
4220	0
4222	0
4226	0
4227	0
4233	0
4235	0
4236	0
4237	0
4239	0
4242	0
4244	0
4247	0
4249	0
4253	0
4261	0
4271	0
4272	0
4285	0
4293	0
4294	0
4296	0
4300	0
4304	0
4309	0
4314	0
4317	0
4319	0
4321	0
4330	0
4331	0
4334	0
4337	0
4340	0
4344	0
4351	0
4358	0
4361	0
4367	0
4372	0
4387	0
4391	0
4393	0
4400	0
4406	0
4408	0
4409	0
4411	0
4414	0
4418	0
4423	0
4435	0
4447	0
4450	0
4451	0
4452	0
4456	0
4460	0
4461	0
4463	0
4471	0
4473	0
4477	0
4490	0
4492	0
4493	0
4497	0
4503	0
4514	0
4520	0
4521	0
4528	0
4529	0
4534	0
4535	0
4538	0
4539	0
4544	0
4548	0
4563	0
4570	0
4575	0
4580	0
4584	0
4587	0
4588	0
4594	0
4597	0
4602	0
4605	0
4610	0
4611	0
4614	0
4615	0
4616	0
4619	0
4622	0
4623	0
4629	0
4633	0
4635	0
4640	0
4645	0
4648	0
4649	0
4650	0
4651	0
4653	0
4654	0
4666	0
4671	0
4677	0
4678	0
4679	0
4680	0
4684	0
4691	0
4693	0
4695	0
4707	0
4711	0
4713	0
4715	0
4719	0
4722	0
4724	0
4732	0
4735	0
4738	0
4750	0
4752	0
4756	0
4759	0
4765	0
4769	0
4771	0
4774	0
4780	0
4785	0
4788	0
4790	0
4791	0
4795	0
4801	0
4803	0
4804	0
4807	0
4808	0
4811	0
4812	0
4814	0
4818	0
4821	0
4826	0
4828	0
4832	0
4834	0
4836	0
4838	0
4842	0
4843	0
4845	0
4856	0
4857	0
4858	0
4860	0
4861	0
4872	0
4873	0
4876	0
4879	0
4880	0
4881	0
4884	0
4899	0
4900	0
4905	0
4906	0
4907	0
4910	0
4911	0
4924	0
4927	0
4932	0
4938	0
4939	0
4947	0
4948	0
4949	0
4954	0
4955	0
4962	0
4964	0
4965	0
4969	0
4970	0
4972	0
4984	0
4990	0
4998	0
5002	0
5003	0
5006	0
5008	0
5011	0
5013	0
5014	0
5015	0
5021	0
5024	0
5032	0
5039	0
5040	0
5042	0
5047	0
5048	0
5050	0
5054	0
5061	0
5064	0
5070	0
5079	0
5082	0
5083	0
5090	0
5091	0
5094	0
5097	0
5099	0
5103	0
5104	0
5107	0
5115	0
5116	0
5119	0
5121	0
5122	0
5127	0
5129	0
5132	0
5133	0
5138	0
5145	0
5147	0
5149	0
5156	0
5157	0
5158	0
5162	0
5163	0
5165	0
5166	0
5168	0
5174	0
5175	0
5177	0
5178	0
5179	0
5183	0
5194	0
5198	0
5201	0
5215	0
5219	0
5221	0
5226	0
5232	0
5239	0
5240	0
5247	0
5251	0
5253	0
5254	0
5257	0
5259	0
5262	0
5266	0
5267	0
5272	0
5283	0
5284	0
5285	0
5286	0
5291	0
5297	0
5299	0
5300	0
5305	0
5309	0
5315	0
5321	0
5325	0
5326	0
5327	0
5328	0
5329	0
5332	0
5339	0
5348	0
5350	0
5354	0
5355	0
5363	0
5367	0
5370	0
5373	0
5378	0
5379	0
5381	0
5384	0
5386	0
5390	0
5398	0
5400	0
5402	0
5407	0
5409	0
5417	0
5419	0
5430	0
5434	0
5436	0
5437	0
5442	0
5444	0
5447	0
5454	0
5458	0
5461	0
5465	0
5466	0
5482	0
5487	0
5488	0
5495	0
5497	0
5513	0
5520	0
5522	0
5528	0
5529	0
5542	0
5543	0
5546	0
5547	0
5549	0
5554	0
5559	0
5560	0
5563	0
5564	0
5565	0
5571	0
5574	0
5575	0
5578	0
5581	0
5587	0
5589	0
5596	0
5597	0
5599	0
5600	0
5605	0
5606	0
5610	0
5612	0
5617	0
5618	0
5620	0
5626	0
5628	0
5630	0
5632	0
5637	0
5646	0
5649	0
5654	0
5660	0
5665	0
5666	0
5667	0
5669	0
5679	0
5685	0
5686	0
5687	0
5690	0
5692	0
5696	0
5713	0
5714	0
5717	0
5719	0
5722	0
5723	0
5727	0
5731	0
5734	0
5741	0
5742	0
5747	0
5752	0
5753	0
5757	0
5760	0
5761	0
5778	0
5779	0
5783	0
5784	0
5788	0
5790	0
5794	0
5795	0
5796	0
5801	0
5804	0
5806	0
5807	0
5810	0
5814	0
5816	0
5817	0
5818	0
5821	0
5822	0
5831	0
5833	0
5835	0
5842	0
5843	0
5846	0
5850	0
5851	0
5856	0
5857	0
5858	0
5863	0
5865	0
5867	0
5868	0
5872	0
5876	0
5883	0
5886	0
5891	0
5899	0
5903	0
5908	0
5916	0
5918	0
5927	0
5937	0
5938	0
5941	0
5947	0
5949	0
5950	0
5953	0
5955	0
5958	0
5965	0
5969	0
5970	0
5973	0
5977	0
5980	0
5982	0
5983	0
5985	0
5993	0
6018	0
6021	0
6026	0
6029	0
6033	0
6042	0
6046	0
0	1
4	1
7	1
10	1
11	1
12	1
19	1
25	1
27	1
29	1
34	1
36	1
37	1
41	1
44	1
45	1
47	1
48	1
52	1
54	1
55	1
58	1
63	1
74	1
77	1
78	1
86	1
87	1
92	1
95	1
96	1
100	1
101	1
103	1
106	1
108	1
112	1
115	1
116	1
117	1
118	1
123	1
124	1
125	1
127	1
130	1
133	1
135	1
137	1
144	1
151	1
154	1
156	1
163	1
167	1
169	1
173	1
174	1
176	1
205	1
207	1
215	1
218	1
220	1
228	1
233	1
236	1
237	1
241	1
243	1
251	1
252	1
254	1
257	1
262	1
266	1
267	1
269	1
270	1
272	1
277	1
287	1
289	1
292	1
296	1
302	1
303	1
304	1
311	1
313	1
319	1
323	1
328	1
331	1
333	1
338	1
341	1
344	1
347	1
354	1
356	1
374	1
377	1
378	1
380	1
383	1
393	1
394	1
396	1
397	1
398	1
404	1
408	1
409	1
412	1
415	1
416	1
418	1
426	1
430	1
441	1
449	1
450	1
453	1
456	1
457	1
459	1
460	1
461	1
462	1
463	1
466	1
470	1
476	1
477	1
482	1
483	1
484	1
489	1
490	1
492	1
496	1
497	1
500	1
503	1
506	1
507	1
510	1
516	1
520	1
524	1
525	1
527	1
535	1
536	1
538	1
541	1
544	1
548	1
556	1
561	1
567	1
572	1
573	1
577	1
579	1
585	1
587	1
589	1
595	1
596	1
597	1
606	1
612	1
622	1
624	1
628	1
637	1
643	1
645	1
649	1
654	1
664	1
665	1
667	1
680	1
681	1
684	1
692	1
693	1
697	1
699	1
702	1
707	1
709	1
710	1
713	1
716	1
723	1
726	1
729	1
733	1
738	1
739	1
746	1
763	1
765	1
766	1
770	1
782	1
784	1
785	1
791	1
792	1
793	1
800	1
803	1
806	1
812	1
813	1
814	1
817	1
825	1
834	1
838	1
841	1
845	1
850	1
851	1
852	1
854	1
871	1
873	1
874	1
875	1
878	1
880	1
881	1
883	1
890	1
891	1
892	1
896	1
907	1
917	1
919	1
921	1
924	1
927	1
930	1
932	1
934	1
947	1
949	1
951	1
956	1
959	1
963	1
968	1
971	1
977	1
980	1
982	1
986	1
988	1
989	1
1005	1
1011	1
1017	1
1018	1
1023	1
1033	1
1040	1
1043	1
1049	1
1052	1
1053	1
1057	1
1058	1
1066	1
1067	1
1085	1
1090	1
1093	1
1095	1
1099	1
1102	1
1112	1
1129	1
1132	1
1137	1
1138	1
1142	1
1143	1
1150	1
1152	1
1159	1
1163	1
1164	1
1165	1
1172	1
1176	1
1178	1
1181	1
1183	1
1199	1
1200	1
1201	1
1202	1
1214	1
1215	1
1216	1
1218	1
1219	1
1226	1
1229	1
1230	1
1234	1
1245	1
1251	1
1253	1
1260	1
1261	1
1263	1
1271	1
1272	1
1276	1
1284	1
1288	1
1289	1
1291	1
1293	1
1295	1
1297	1
1300	1
1302	1
1305	1
1306	1
1311	1
1313	1
1319	1
1321	1
1323	1
1326	1
1327	1
1330	1
1336	1
1339	1
1340	1
1341	1
1342	1
1345	1
1353	1
1361	1
1363	1
1368	1
1373	1
1374	1
1375	1
1377	1
1382	1
1387	1
1389	1
1390	1
1393	1
1394	1
1395	1
1400	1
1406	1
1407	1
1413	1
1414	1
1416	1
1424	1
1426	1
1434	1
1435	1
1438	1
1440	1
1447	1
1455	1
1459	1
1475	1
1477	1
1482	1
1484	1
1487	1
1491	1
1493	1
1494	1
1495	1
1501	1
1504	1
1506	1
1508	1
1516	1
1518	1
1519	1
1520	1
1521	1
1528	1
1530	1
1532	1
1537	1
1539	1
1541	1
1548	1
1557	1
1572	1
1575	1
1580	1
1582	1
1583	1
1586	1
1590	1
1592	1
1596	1
1604	1
1608	1
1618	1
1621	1
1624	1
1626	1
1629	1
1631	1
1636	1
1640	1
1641	1
1648	1
1650	1
1653	1
1657	1
1663	1
1681	1
1687	1
1688	1
1693	1
1696	1
1698	1
1699	1
1702	1
1705	1
1706	1
1711	1
1716	1
1718	1
1719	1
1723	1
1727	1
1730	1
1736	1
1737	1
1740	1
1743	1
1744	1
1746	1
1747	1
1750	1
1751	1
1760	1
1761	1
1764	1
1767	1
1768	1
1769	1
1772	1
1777	1
1780	1
1797	1
1801	1
1807	1
1812	1
1813	1
1827	1
1834	1
1835	1
1836	1
1837	1
1842	1
1845	1
1851	1
1853	1
1856	1
1857	1
1863	1
1865	1
1868	1
1875	1
1878	1
1882	1
1895	1
1899	1
1903	1
1904	1
1909	1
1911	1
1914	1
1916	1
1917	1
1920	1
1925	1
1927	1
1930	1
1933	1
1942	1
1945	1
1947	1
1949	1
1950	1
1958	1
1969	1
1970	1
1971	1
1974	1
1976	1
1977	1
1980	1
1981	1
1988	1
1990	1
1993	1
2003	1
2004	1
2012	1
2013	1
2014	1
2018	1
2019	1
2021	1
2027	1
2038	1
2041	1
2044	1
2048	1
2054	1
2055	1
2065	1
2066	1
2069	1
2073	1
2075	1
2076	1
2081	1
2087	1
2090	1
2103	1
2104	1
2106	1
2108	1
2119	1
2123	1
2125	1
2132	1
2133	1
2136	1
2138	1
2140	1
2144	1
2146	1
2147	1
2152	1
2155	1
2159	1
2163	1
2167	1
2168	1
2179	1
2180	1
2181	1
2184	1
2191	1
2194	1
2195	1
2207	1
2209	1
2210	1
2214	1
2222	1
2224	1
2227	1
2231	1
2234	1
2241	1
2242	1
2244	1
2250	1
2259	1
2263	1
2264	1
2270	1
2275	1
2277	1
2279	1
2281	1
2283	1
2284	1
2285	1
2293	1
2297	1
2299	1
2302	1
2314	1
2323	1
2327	1
2331	1
2334	1
2336	1
2345	1
2361	1
2362	1
2378	1
2379	1
2387	1
2393	1
2409	1
2416	1
2419	1
2423	1
2424	1
2428	1
2430	1
2432	1
2435	1
2448	1
2454	1
2456	1
2459	1
2461	1
2464	1
2465	1
2467	1
2468	1
2476	1
2479	1
2480	1
2482	1
2484	1
2490	1
2493	1
2495	1
2496	1
2500	1
2503	1
2508	1
2512	1
2518	1
2525	1
2530	1
2536	1
2539	1
2543	1
2550	1
2551	1
2557	1
2562	1
2578	1
2582	1
2591	1
2603	1
2606	1
2607	1
2608	1
2610	1
2613	1
2614	1
2624	1
2631	1
2632	1
2633	1
2637	1
2647	1
2652	1
2656	1
2658	1
2659	1
2660	1
2664	1
2667	1
2670	1
2671	1
2675	1
2684	1
2690	1
2691	1
2695	1
2696	1
2701	1
2705	1
2706	1
2719	1
2724	1
2728	1
2729	1
2730	1
2738	1
2740	1
2745	1
2749	1
2755	1
2759	1
2761	1
2769	1
2770	1
2771	1
2773	1
2783	1
2790	1
2793	1
2794	1
2798	1
2807	1
2810	1
2811	1
2814	1
2818	1
2827	1
2831	1
2838	1
2839	1
2845	1
2848	1
2851	1
2852	1
2861	1
2863	1
2864	1
2869	1
2877	1
2882	1
2900	1
2906	1
2909	1
2912	1
2921	1
2923	1
2926	1
2930	1
2931	1
2934	1
2935	1
2937	1
2940	1
2945	1
2948	1
2951	1
2955	1
2962	1
2975	1
2988	1
2990	1
2992	1
2995	1
3002	1
3006	1
3012	1
3014	1
3016	1
3019	1
3020	1
3025	1
3036	1
3038	1
3039	1
3049	1
3058	1
3061	1
3067	1
3068	1
3070	1
3072	1
3076	1
3077	1
3080	1
3082	1
3093	1
3095	1
3100	1
3107	1
3117	1
3118	1
3120	1
3134	1
3145	1
3146	1
3148	1
3152	1
3157	1
3160	1
3163	1
3166	1
3167	1
3187	1
3194	1
3196	1
3199	1
3208	1
3211	1
3212	1
3214	1
3215	1
3220	1
3224	1
3226	1
3229	1
3231	1
3242	1
3244	1
3249	1
3250	1
3252	1
3259	1
3266	1
3271	1
3286	1
3292	1
3298	1
3304	1
3313	1
3318	1
3325	1
3328	1
3329	1
3337	1
3340	1
3344	1
3357	1
3367	1
3375	1
3380	1
3389	1
3391	1
3399	1
3402	1
3403	1
3405	1
3410	1
3415	1
3417	1
3418	1
3426	1
3432	1
3434	1
3436	1
3437	1
3441	1
3444	1
3451	1
3457	1
3458	1
3459	1
3464	1
3465	1
3470	1
3471	1
3473	1
3475	1
3479	1
3480	1
3481	1
3482	1
3485	1
3489	1
3490	1
3492	1
3496	1
3499	1
3503	1
3504	1
3506	1
3510	1
3511	1
3512	1
3514	1
3516	1
3523	1
3539	1
3542	1
3545	1
3546	1
3547	1
3552	1
3565	1
3566	1
3567	1
3571	1
3572	1
3574	1
3579	1
3581	1
3583	1
3584	1
3593	1
3602	1
3617	1
3618	1
3619	1
3624	1
3626	1
3630	1
3635	1
3637	1
3639	1
3640	1
3641	1
3642	1
3643	1
3647	1
3649	1
3655	1
3656	1
3657	1
3675	1
3676	1
3678	1
3681	1
3687	1
3689	1
3696	1
3700	1
3709	1
3713	1
3714	1
3726	1
3732	1
3736	1
3739	1
3740	1
3744	1
3747	1
3749	1
3750	1
3752	1
3755	1
3756	1
3760	1
3767	1
3768	1
3769	1
3772	1
3773	1
3781	1
3786	1
3792	1
3793	1
3795	1
3797	1
3800	1
3803	1
3809	1
3810	1
3820	1
3828	1
3832	1
3835	1
3837	1
3843	1
3845	1
3858	1
3859	1
3861	1
3862	1
3863	1
3869	1
3871	1
3876	1
3877	1
3878	1
3888	1
3890	1
3891	1
3894	1
3895	1
3897	1
3899	1
3922	1
3923	1
3924	1
3929	1
3932	1
3933	1
3944	1
3946	1
3952	1
3953	1
3956	1
3962	1
3963	1
3964	1
3971	1
3973	1
3982	1
3989	1
3996	1
4000	1
4004	1
4007	1
4012	1
4014	1
4017	1
4019	1
4024	1
4029	1
4031	1
4035	1
4036	1
4042	1
4043	1
4044	1
4047	1
4051	1
4053	1
4055	1
4056	1
4060	1
4062	1
4067	1
4069	1
4081	1
4082	1
4086	1
4090	1
4092	1
4096	1
4097	1
4103	1
4121	1
4131	1
4132	1
4133	1
4134	1
4136	1
4137	1
4138	1
4143	1
4153	1
4163	1
4165	1
4166	1
4169	1
4175	1
4176	1
4178	1
4179	1
4186	1
4191	1
4194	1
4203	1
4207	1
4213	1
4217	1
4224	1
4230	1
4238	1
4241	1
4254	1
4257	1
4259	1
4262	1
4263	1
4268	1
4274	1
4276	1
4279	1
4280	1
4282	1
4286	1
4287	1
4289	1
4290	1
4299	1
4301	1
4303	1
4311	1
4316	1
4325	1
4332	1
4333	1
4338	1
4347	1
4360	1
4363	1
4364	1
4366	1
4368	1
4369	1
4373	1
4375	1
4376	1
4379	1
4380	1
4385	1
4397	1
4398	1
4399	1
4403	1
4404	1
4412	1
4413	1
4415	1
4417	1
4421	1
4425	1
4436	1
4437	1
4439	1
4441	1
4442	1
4448	1
4449	1
4457	1
4458	1
4462	1
4464	1
4470	1
4474	1
4475	1
4483	1
4489	1
4491	1
4494	1
4495	1
4496	1
4504	1
4505	1
4506	1
4508	1
4513	1
4517	1
4524	1
4532	1
4533	1
4540	1
4541	1
4549	1
4551	1
4552	1
4555	1
4558	1
4560	1
4564	1
4567	1
4569	1
4573	1
4578	1
4590	1
4591	1
4592	1
4593	1
4599	1
4600	1
4603	1
4607	1
4609	1
4617	1
4620	1
4625	1
4637	1
4641	1
4644	1
4652	1
4655	1
4662	1
4664	1
4668	1
4674	1
4676	1
4685	1
4690	1
4694	1
4699	1
4700	1
4704	1
4706	1
4709	1
4712	1
4717	1
4723	1
4727	1
4733	1
4736	1
4742	1
4744	1
4745	1
4746	1
4748	1
4749	1
4751	1
4761	1
4767	1
4770	1
4773	1
4776	1
4797	1
4799	1
4813	1
4822	1
4831	1
4840	1
4850	1
4853	1
4865	1
4866	1
4868	1
4869	1
4885	1
4888	1
4889	1
4891	1
4892	1
4895	1
4898	1
4901	1
4904	1
4908	1
4913	1
4914	1
4922	1
4923	1
4926	1
4936	1
4942	1
4943	1
4950	1
4953	1
4960	1
4963	1
4966	1
4978	1
4982	1
4986	1
4992	1
4997	1
4999	1
5005	1
5009	1
5012	1
5020	1
5026	1
5029	1
5034	1
5037	1
5044	1
5046	1
5055	1
5059	1
5063	1
5069	1
5072	1
5075	1
5077	1
5078	1
5085	1
5088	1
5098	1
5100	1
5101	1
5108	1
5112	1
5117	1
5120	1
5123	1
5125	1
5134	1
5136	1
5139	1
5140	1
5141	1
5142	1
5152	1
5161	1
5164	1
5169	1
5171	1
5180	1
5184	1
5185	1
5186	1
5191	1
5193	1
5199	1
5204	1
5206	1
5212	1
5213	1
5220	1
5222	1
5225	1
5227	1
5233	1
5237	1
5248	1
5258	1
5265	1
5268	1
5270	1
5276	1
5277	1
5281	1
5289	1
5290	1
5293	1
5294	1
5306	1
5307	1
5311	1
5312	1
5316	1
5317	1
5318	1
5319	1
5323	1
5324	1
5334	1
5342	1
5343	1
5346	1
5359	1
5360	1
5362	1
5368	1
5369	1
5375	1
5380	1
5385	1
5391	1
5395	1
5420	1
5426	1
5429	1
5438	1
5439	1
5441	1
5455	1
5459	1
5460	1
5464	1
5467	1
5470	1
5474	1
5479	1
5481	1
5485	1
5489	1
5490	1
5491	1
5494	1
5496	1
5498	1
5502	1
5504	1
5509	1
5517	1
5518	1
5521	1
5525	1
5530	1
5533	1
5550	1
5556	1
5558	1
5561	1
5568	1
5570	1
5577	1
5580	1
5583	1
5586	1
5588	1
5593	1
5594	1
5601	1
5608	1
5609	1
5611	1
5623	1
5624	1
5625	1
5635	1
5636	1
5640	1
5643	1
5645	1
5655	1
5658	1
5663	1
5664	1
5668	1
5670	1
5671	1
5678	1
5689	1
5695	1
5697	1
5700	1
5701	1
5706	1
5711	1
5715	1
5726	1
5732	1
5739	1
5744	1
5745	1
5746	1
5749	1
5764	1
5765	1
5772	1
5780	1
5781	1
5782	1
5785	1
5793	1
5799	1
5800	1
5803	1
5808	1
5815	1
5819	1
5823	1
5825	1
5830	1
5832	1
5834	1
5836	1
5837	1
5841	1
5845	1
5847	1
5848	1
5855	1
5866	1
5871	1
5880	1
5882	1
5888	1
5890	1
5893	1
5897	1
5900	1
5902	1
5905	1
5906	1
5909	1
5913	1
5914	1
5915	1
5917	1
5923	1
5924	1
5926	1
5928	1
5935	1
5936	1
5939	1
5956	1
5959	1
5964	1
5968	1
5972	1
5975	1
5979	1
5984	1
5987	1
5988	1
5992	1
5996	1
5997	1
6001	1
6002	1
6005	1
6006	1
6007	1
6012	1
6015	1
6016	1
6024	1
6030	1
6032	1
6034	1
6035	1
6037	1
6038	1
6044	1
6051	1
1	2
5	2
9	2
13	2
15	2
23	2
26	2
35	2
42	2
43	2
46	2
53	2
57	2
62	2
64	2
66	2
79	2
84	2
98	2
99	2
104	2
107	2
109	2
113	2
120	2
122	2
126	2
134	2
138	2
139	2
140	2
146	2
148	2
152	2
155	2
159	2
164	2
165	2
166	2
168	2
171	2
178	2
179	2
181	2
185	2
187	2
189	2
192	2
194	2
198	2
202	2
214	2
216	2
232	2
235	2
240	2
248	2
250	2
253	2
255	2
258	2
259	2
260	2
261	2
263	2
265	2
268	2
271	2
273	2
278	2
281	2
282	2
283	2
290	2
294	2
297	2
315	2
317	2
318	2
322	2
329	2
332	2
335	2
339	2
340	2
342	2
345	2
351	2
352	2
353	2
357	2
365	2
366	2
373	2
375	2
382	2
384	2
385	2
386	2
389	2
392	2
395	2
399	2
400	2
403	2
406	2
413	2
414	2
417	2
419	2
425	2
429	2
434	2
436	2
440	2
444	2
445	2
468	2
473	2
474	2
475	2
479	2
485	2
491	2
502	2
508	2
509	2
513	2
521	2
523	2
526	2
532	2
534	2
546	2
553	2
557	2
559	2
564	2
568	2
584	2
586	2
588	2
598	2
599	2
600	2
601	2
602	2
603	2
611	2
613	2
614	2
615	2
621	2
623	2
632	2
633	2
638	2
639	2
644	2
650	2
653	2
660	2
669	2
673	2
678	2
682	2
688	2
689	2
698	2
703	2
704	2
711	2
714	2
721	2
724	2
735	2
743	2
744	2
748	2
751	2
755	2
759	2
777	2
778	2
780	2
781	2
783	2
786	2
788	2
789	2
790	2
795	2
796	2
798	2
805	2
811	2
816	2
820	2
822	2
828	2
836	2
837	2
839	2
844	2
848	2
849	2
857	2
860	2
861	2
864	2
868	2
869	2
870	2
876	2
887	2
889	2
899	2
908	2
910	2
912	2
914	2
920	2
922	2
937	2
938	2
940	2
941	2
942	2
943	2
945	2
946	2
952	2
955	2
965	2
966	2
969	2
976	2
985	2
990	2
991	2
992	2
993	2
994	2
1013	2
1014	2
1016	2
1022	2
1026	2
1031	2
1032	2
1035	2
1036	2
1044	2
1050	2
1051	2
1059	2
1060	2
1062	2
1065	2
1068	2
1073	2
1076	2
1078	2
1080	2
1083	2
1084	2
1092	2
1097	2
1104	2
1105	2
1107	2
1114	2
1115	2
1118	2
1119	2
1120	2
1125	2
1126	2
1128	2
1139	2
1146	2
1149	2
1158	2
1169	2
1193	2
1196	2
1198	2
1206	2
1212	2
1220	2
1225	2
1227	2
1231	2
1232	2
1235	2
1236	2
1240	2
1241	2
1243	2
1247	2
1248	2
1250	2
1255	2
1265	2
1269	2
1270	2
1273	2
1277	2
1286	2
1296	2
1298	2
1299	2
1308	2
1320	2
1322	2
1324	2
1348	2
1350	2
1351	2
1352	2
1358	2
1359	2
1362	2
1364	2
1367	2
1376	2
1379	2
1388	2
1397	2
1401	2
1410	2
1418	2
1422	2
1423	2
1429	2
1432	2
1436	2
1437	2
1441	2
1442	2
1443	2
1448	2
1450	2
1456	2
1462	2
1467	2
1468	2
1478	2
1497	2
1498	2
1499	2
1502	2
1507	2
1510	2
1513	2
1514	2
1522	2
1524	2
1529	2
1531	2
1533	2
1534	2
1535	2
1540	2
1543	2
1545	2
1547	2
1559	2
1564	2
1574	2
1578	2
1588	2
1589	2
1619	2
1620	2
1622	2
1623	2
1632	2
1633	2
1635	2
1639	2
1643	2
1649	2
1652	2
1655	2
1660	2
1661	2
1662	2
1664	2
1672	2
1675	2
1680	2
1690	2
1695	2
1700	2
1703	2
1712	2
1729	2
1732	2
1733	2
1739	2
1742	2
1752	2
1753	2
1754	2
1781	2
1782	2
1783	2
1784	2
1788	2
1789	2
1793	2
1798	2
1814	2
1816	2
1817	2
1818	2
1822	2
1824	2
1832	2
1833	2
1838	2
1847	2
1849	2
1850	2
1862	2
1870	2
1874	2
1886	2
1887	2
1892	2
1900	2
1905	2
1908	2
1915	2
1922	2
1923	2
1928	2
1940	2
1941	2
1946	2
1948	2
1951	2
1952	2
1954	2
1959	2
1960	2
1966	2
1973	2
1982	2
1983	2
1984	2
1986	2
1992	2
2000	2
2001	2
2008	2
2011	2
2015	2
2016	2
2026	2
2028	2
2032	2
2033	2
2035	2
2037	2
2039	2
2040	2
2043	2
2046	2
2047	2
2049	2
2052	2
2057	2
2063	2
2064	2
2074	2
2077	2
2084	2
2085	2
2094	2
2098	2
2099	2
2107	2
2111	2
2112	2
2114	2
2117	2
2124	2
2127	2
2130	2
2139	2
2141	2
2142	2
2145	2
2148	2
2149	2
2153	2
2156	2
2157	2
2158	2
2166	2
2175	2
2176	2
2177	2
2178	2
2185	2
2187	2
2189	2
2192	2
2193	2
2196	2
2198	2
2200	2
2203	2
2204	2
2212	2
2213	2
2216	2
2218	2
2219	2
2228	2
2238	2
2239	2
2240	2
2243	2
2251	2
2256	2
2257	2
2266	2
2268	2
2273	2
2274	2
2276	2
2286	2
2291	2
2300	2
2303	2
2306	2
2308	2
2309	2
2315	2
2317	2
2320	2
2322	2
2325	2
2328	2
2332	2
2333	2
2335	2
2339	2
2343	2
2346	2
2350	2
2352	2
2356	2
2357	2
2359	2
2360	2
2363	2
2365	2
2372	2
2373	2
2376	2
2377	2
2381	2
2382	2
2383	2
2384	2
2385	2
2388	2
2389	2
2390	2
2395	2
2397	2
2399	2
2401	2
2404	2
2405	2
2407	2
2408	2
2413	2
2414	2
2415	2
2417	2
2418	2
2420	2
2425	2
2429	2
2450	2
2453	2
2455	2
2457	2
2462	2
2469	2
2470	2
2472	2
2473	2
2481	2
2491	2
2494	2
2497	2
2499	2
2501	2
2510	2
2515	2
2517	2
2522	2
2524	2
2531	2
2533	2
2535	2
2541	2
2544	2
2546	2
2548	2
2553	2
2554	2
2556	2
2559	2
2563	2
2565	2
2567	2
2579	2
2584	2
2590	2
2592	2
2596	2
2598	2
2612	2
2618	2
2619	2
2622	2
2623	2
2627	2
2629	2
2636	2
2640	2
2643	2
2646	2
2648	2
2650	2
2653	2
2661	2
2663	2
2665	2
2668	2
2669	2
2674	2
2676	2
2679	2
2680	2
2681	2
2689	2
2693	2
2694	2
2697	2
2704	2
2708	2
2714	2
2717	2
2723	2
2725	2
2727	2
2732	2
2735	2
2742	2
2744	2
2746	2
2748	2
2752	2
2754	2
2762	2
2764	2
2766	2
2772	2
2774	2
2775	2
2776	2
2781	2
2792	2
2797	2
2799	2
2806	2
2813	2
2815	2
2817	2
2819	2
2828	2
2830	2
2833	2
2835	2
2841	2
2842	2
2843	2
2850	2
2860	2
2862	2
2868	2
2872	2
2875	2
2883	2
2884	2
2885	2
2887	2
2889	2
2891	2
2892	2
2894	2
2895	2
2897	2
2898	2
2902	2
2911	2
2915	2
2919	2
2920	2
2927	2
2929	2
2939	2
2944	2
2947	2
2949	2
2950	2
2952	2
2954	2
2957	2
2959	2
2964	2
2965	2
2966	2
2969	2
2972	2
2979	2
2982	2
2983	2
2985	2
2987	2
2991	2
2993	2
2994	2
2997	2
3001	2
3007	2
3009	2
3015	2
3022	2
3024	2
3027	2
3029	2
3030	2
3035	2
3040	2
3046	2
3056	2
3059	2
3062	2
3063	2
3064	2
3066	2
3084	2
3085	2
3086	2
3087	2
3089	2
3091	2
3094	2
3097	2
3099	2
3104	2
3106	2
3108	2
3121	2
3122	2
3123	2
3126	2
3128	2
3132	2
3133	2
3135	2
3136	2
3147	2
3149	2
3150	2
3153	2
3155	2
3162	2
3172	2
3177	2
3178	2
3183	2
3184	2
3185	2
3188	2
3195	2
3198	2
3205	2
3206	2
3209	2
3210	2
3219	2
3235	2
3241	2
3245	2
3248	2
3253	2
3254	2
3255	2
3258	2
3261	2
3262	2
3263	2
3264	2
3267	2
3270	2
3274	2
3276	2
3277	2
3279	2
3280	2
3289	2
3291	2
3302	2
3305	2
3306	2
3307	2
3314	2
3317	2
3319	2
3320	2
3332	2
3333	2
3338	2
3342	2
3345	2
3346	2
3347	2
3350	2
3351	2
3352	2
3360	2
3366	2
3369	2
3371	2
3372	2
3384	2
3388	2
3390	2
3397	2
3401	2
3406	2
3407	2
3408	2
3411	2
3413	2
3419	2
3420	2
3421	2
3435	2
3442	2
3445	2
3446	2
3448	2
3449	2
3455	2
3463	2
3467	2
3469	2
3474	2
3486	2
3500	2
3509	2
3513	2
3518	2
3530	2
3538	2
3543	2
3548	2
3550	2
3555	2
3556	2
3559	2
3561	2
3562	2
3569	2
3578	2
3582	2
3586	2
3589	2
3590	2
3592	2
3595	2
3596	2
3598	2
3604	2
3605	2
3606	2
3607	2
3614	2
3621	2
3623	2
3625	2
3632	2
3636	2
3646	2
3654	2
3662	2
3664	2
3665	2
3669	2
3674	2
3679	2
3682	2
3683	2
3685	2
3690	2
3691	2
3694	2
3698	2
3704	2
3715	2
3717	2
3719	2
3725	2
3738	2
3741	2
3742	2
3745	2
3746	2
3748	2
3754	2
3758	2
3774	2
3778	2
3780	2
3782	2
3785	2
3787	2
3794	2
3796	2
3815	2
3824	2
3825	2
3827	2
3830	2
3836	2
3838	2
3841	2
3842	2
3844	2
3846	2
3847	2
3848	2
3851	2
3855	2
3860	2
3866	2
3868	2
3870	2
3873	2
3875	2
3879	2
3880	2
3882	2
3883	2
3884	2
3886	2
3892	2
3900	2
3903	2
3904	2
3909	2
3912	2
3914	2
3915	2
3916	2
3921	2
3926	2
3928	2
3931	2
3938	2
3940	2
3943	2
3951	2
3955	2
3958	2
3966	2
3968	2
3969	2
3975	2
3981	2
3997	2
4003	2
4011	2
4015	2
4026	2
4028	2
4030	2
4032	2
4050	2
4052	2
4061	2
4068	2
4075	2
4076	2
4079	2
4083	2
4087	2
4089	2
4091	2
4094	2
4098	2
4099	2
4100	2
4101	2
4104	2
4109	2
4112	2
4113	2
4114	2
4115	2
4123	2
4127	2
4130	2
4139	2
4141	2
4146	2
4147	2
4156	2
4158	2
4162	2
4164	2
4170	2
4172	2
4174	2
4180	2
4183	2
4185	2
4189	2
4193	2
4197	2
4198	2
4199	2
4204	2
4206	2
4208	2
4214	2
4223	2
4225	2
4228	2
4231	2
4232	2
4234	2
4245	2
4248	2
4250	2
4251	2
4255	2
4260	2
4265	2
4267	2
4273	2
4278	2
4283	2
4284	2
4288	2
4291	2
4295	2
4297	2
4298	2
4305	2
4308	2
4313	2
4315	2
4318	2
4320	2
4324	2
4326	2
4328	2
4329	2
4335	2
4336	2
4339	2
4341	2
4342	2
4348	2
4349	2
4354	2
4355	2
4356	2
4371	2
4377	2
4378	2
4381	2
4382	2
4383	2
4384	2
4386	2
4388	2
4389	2
4390	2
4395	2
4402	2
4410	2
4416	2
4422	2
4427	2
4428	2
4429	2
4430	2
4431	2
4432	2
4438	2
4440	2
4444	2
4446	2
4453	2
4455	2
4465	2
4467	2
4468	2
4472	2
4478	2
4479	2
4481	2
4485	2
4487	2
4488	2
4498	2
4499	2
4502	2
4507	2
4509	2
4510	2
4512	2
4516	2
4519	2
4522	2
4525	2
4531	2
4537	2
4542	2
4546	2
4553	2
4554	2
4557	2
4559	2
4561	2
4565	2
4566	2
4571	2
4572	2
4574	2
4576	2
4577	2
4582	2
4583	2
4585	2
4589	2
4595	2
4596	2
4601	2
4604	2
4606	2
4608	2
4626	2
4630	2
4631	2
4632	2
4638	2
4646	2
4656	2
4657	2
4658	2
4660	2
4661	2
4669	2
4672	2
4673	2
4675	2
4683	2
4689	2
4696	2
4697	2
4698	2
4701	2
4702	2
4703	2
4705	2
4708	2
4710	2
4718	2
4720	2
4725	2
4730	2
4731	2
4734	2
4740	2
4743	2
4747	2
4753	2
4760	2
4762	2
4766	2
4775	2
4778	2
4781	2
4783	2
4787	2
4789	2
4792	2
4793	2
4796	2
4800	2
4809	2
4810	2
4816	2
4824	2
4829	2
4837	2
4846	2
4847	2
4849	2
4851	2
4855	2
4864	2
4871	2
4875	2
4878	2
4883	2
4886	2
4887	2
4893	2
4897	2
4902	2
4918	2
4919	2
4925	2
4934	2
4940	2
4944	2
4945	2
4952	2
4959	2
4968	2
4971	2
4973	2
4975	2
4976	2
4977	2
4980	2
4983	2
4988	2
4989	2
4991	2
4994	2
5000	2
5016	2
5019	2
5025	2
5027	2
5028	2
5030	2
5031	2
5033	2
5035	2
5036	2
5041	2
5043	2
5049	2
5052	2
5056	2
5057	2
5062	2
5065	2
5068	2
5071	2
5086	2
5089	2
5092	2
5093	2
5095	2
5096	2
5105	2
5106	2
5110	2
5114	2
5118	2
5126	2
5128	2
5135	2
5143	2
5144	2
5150	2
5154	2
5159	2
5170	2
5172	2
5176	2
5187	2
5188	2
5189	2
5190	2
5192	2
5195	2
5208	2
5210	2
5216	2
5218	2
5224	2
5229	2
5230	2
5238	2
5245	2
5246	2
5250	2
5252	2
5255	2
5256	2
5261	2
5263	2
5264	2
5271	2
5273	2
5275	2
5278	2
5279	2
5280	2
5287	2
5288	2
5292	2
5296	2
5301	2
5304	2
5310	2
5313	2
5322	2
5330	2
5331	2
5337	2
5340	2
5349	2
5352	2
5356	2
5365	2
5366	2
5372	2
5376	2
5387	2
5388	2
5393	2
5399	2
5401	2
5404	2
5410	2
5413	2
5414	2
5416	2
5418	2
5421	2
5428	2
5432	2
5433	2
5435	2
5440	2
5443	2
5448	2
5449	2
5450	2
5451	2
5452	2
5456	2
5457	2
5462	2
5468	2
5469	2
5473	2
5476	2
5478	2
5486	2
5500	2
5501	2
5510	2
5511	2
5512	2
5514	2
5515	2
5523	2
5526	2
5540	2
5541	2
5544	2
5545	2
5551	2
5552	2
5553	2
5557	2
5567	2
5572	2
5573	2
5576	2
5579	2
5582	2
5585	2
5595	2
5607	2
5613	2
5614	2
5616	2
5627	2
5634	2
5642	2
5644	2
5652	2
5653	2
5657	2
5659	2
5661	2
5662	2
5673	2
5676	2
5677	2
5680	2
5683	2
5688	2
5691	2
5693	2
5694	2
5699	2
5705	2
5707	2
5708	2
5709	2
5710	2
5712	2
5716	2
5718	2
5720	2
5721	2
5725	2
5728	2
5730	2
5737	2
5748	2
5750	2
5751	2
5754	2
5755	2
5759	2
5766	2
5769	2
5770	2
5771	2
5773	2
5774	2
5776	2
5791	2
5792	2
5798	2
5811	2
5812	2
5813	2
5820	2
5824	2
5827	2
5828	2
5839	2
5849	2
5852	2
5854	2
5862	2
5864	2
5869	2
5873	2
5874	2
5878	2
5881	2
5885	2
5887	2
5892	2
5894	2
5896	2
5898	2
5901	2
5904	2
5910	2
5911	2
5912	2
5919	2
5921	2
5922	2
5929	2
5933	2
5945	2
5946	2
5960	2
5962	2
5963	2
5971	2
5976	2
5981	2
5986	2
5990	2
5991	2
5995	2
5998	2
5999	2
6003	2
6017	2
6039	2
6040	2
6041	2
6043	2
6052	2
6054	2
2	3
6	3
8	3
14	3
16	3
18	3
22	3
28	3
31	3
32	3
39	3
40	3
49	3
50	3
51	3
56	3
59	3
61	3
65	3
67	3
71	3
80	3
81	3
82	3
83	3
85	3
88	3
90	3
91	3
93	3
110	3
114	3
119	3
128	3
136	3
142	3
143	3
150	3
153	3
162	3
170	3
172	3
180	3
182	3
184	3
190	3
195	3
197	3
199	3
200	3
201	3
206	3
210	3
217	3
221	3
222	3
224	3
226	3
229	3
230	3
231	3
239	3
242	3
245	3
247	3
256	3
275	3
276	3
279	3
280	3
285	3
288	3
291	3
293	3
299	3
300	3
301	3
305	3
306	3
309	3
310	3
316	3
325	3
327	3
330	3
334	3
336	3
343	3
348	3
358	3
360	3
361	3
362	3
367	3
368	3
370	3
379	3
381	3
387	3
388	3
390	3
405	3
410	3
411	3
420	3
421	3
422	3
424	3
428	3
432	3
435	3
447	3
455	3
465	3
467	3
469	3
478	3
481	3
494	3
498	3
512	3
517	3
519	3
529	3
530	3
531	3
539	3
540	3
542	3
547	3
549	3
551	3
554	3
555	3
563	3
566	3
570	3
571	3
576	3
578	3
580	3
582	3
583	3
593	3
594	3
604	3
605	3
607	3
609	3
610	3
617	3
619	3
629	3
631	3
634	3
635	3
636	3
641	3
646	3
647	3
648	3
652	3
655	3
656	3
659	3
661	3
662	3
666	3
668	3
671	3
672	3
674	3
677	3
687	3
694	3
701	3
708	3
715	3
717	3
719	3
720	3
727	3
732	3
734	3
736	3
737	3
741	3
754	3
756	3
758	3
760	3
761	3
764	3
768	3
772	3
776	3
779	3
787	3
794	3
797	3
802	3
809	3
810	3
821	3
826	3
829	3
830	3
831	3
832	3
840	3
842	3
856	3
862	3
863	3
867	3
877	3
879	3
888	3
894	3
902	3
904	3
906	3
909	3
911	3
916	3
923	3
925	3
926	3
928	3
929	3
933	3
935	3
954	3
961	3
962	3
964	3
970	3
973	3
974	3
978	3
979	3
998	3
1001	3
1003	3
1008	3
1010	3
1012	3
1015	3
1020	3
1024	3
1025	3
1027	3
1028	3
1029	3
1034	3
1038	3
1039	3
1046	3
1048	3
1055	3
1056	3
1063	3
1064	3
1069	3
1071	3
1072	3
1074	3
1077	3
1082	3
1086	3
1087	3
1088	3
1091	3
1096	3
1098	3
1100	3
1106	3
1111	3
1113	3
1122	3
1123	3
1124	3
1127	3
1130	3
1134	3
1135	3
1140	3
1141	3
1144	3
1145	3
1147	3
1148	3
1151	3
1157	3
1161	3
1171	3
1173	3
1175	3
1177	3
1180	3
1182	3
1185	3
1186	3
1187	3
1188	3
1195	3
1205	3
1207	3
1208	3
1210	3
1221	3
1223	3
1224	3
1228	3
1233	3
1246	3
1249	3
1256	3
1257	3
1259	3
1264	3
1267	3
1268	3
1274	3
1275	3
1278	3
1280	3
1281	3
1283	3
1294	3
1301	3
1307	3
1309	3
1310	3
1314	3
1315	3
1317	3
1331	3
1332	3
1335	3
1337	3
1338	3
1344	3
1346	3
1347	3
1349	3
1360	3
1365	3
1366	3
1372	3
1378	3
1381	3
1385	3
1386	3
1396	3
1402	3
1405	3
1408	3
1409	3
1412	3
1415	3
1417	3
1420	3
1425	3
1428	3
1430	3
1431	3
1433	3
1439	3
1444	3
1449	3
1451	3
1458	3
1460	3
1461	3
1463	3
1464	3
1465	3
1470	3
1474	3
1479	3
1480	3
1485	3
1488	3
1492	3
1496	3
1503	3
1505	3
1509	3
1511	3
1512	3
1515	3
1517	3
1525	3
1526	3
1527	3
1536	3
1542	3
1544	3
1546	3
1551	3
1553	3
1554	3
1558	3
1563	3
1565	3
1567	3
1569	3
1570	3
1573	3
1577	3
1587	3
1591	3
1595	3
1600	3
1602	3
1603	3
1605	3
1606	3
1609	3
1611	3
1613	3
1614	3
1616	3
1617	3
1625	3
1628	3
1638	3
1647	3
1654	3
1656	3
1658	3
1659	3
1665	3
1666	3
1668	3
1669	3
1671	3
1676	3
1678	3
1684	3
1685	3
1686	3
1691	3
1692	3
1694	3
1717	3
1720	3
1722	3
1724	3
1728	3
1731	3
1734	3
1738	3
1741	3
1748	3
1749	3
1756	3
1758	3
1759	3
1762	3
1763	3
1774	3
1775	3
1778	3
1779	3
1787	3
1792	3
1794	3
1799	3
1802	3
1806	3
1809	3
1810	3
1811	3
1815	3
1825	3
1829	3
1831	3
1839	3
1840	3
1841	3
1844	3
1852	3
1854	3
1855	3
1858	3
1860	3
1864	3
1873	3
1880	3
1883	3
1888	3
1889	3
1891	3
1896	3
1897	3
1898	3
1901	3
1902	3
1906	3
1907	3
1910	3
1912	3
1913	3
1924	3
1929	3
1932	3
1934	3
1935	3
1936	3
1937	3
1938	3
1939	3
1944	3
1953	3
1955	3
1956	3
1962	3
1963	3
1965	3
1972	3
1975	3
1978	3
1979	3
1987	3
1989	3
1996	3
1997	3
1999	3
2005	3
2020	3
2025	3
2029	3
2030	3
2031	3
2045	3
2051	3
2056	3
2059	3
2060	3
2061	3
2067	3
2072	3
2078	3
2083	3
2089	3
2093	3
2095	3
2096	3
2105	3
2109	3
2120	3
2126	3
2128	3
2131	3
2151	3
2154	3
2161	3
2162	3
2164	3
2174	3
2186	3
2188	3
2199	3
2202	3
2205	3
2211	3
2217	3
2220	3
2221	3
2225	3
2226	3
2229	3
2232	3
2233	3
2235	3
2236	3
2237	3
2245	3
2246	3
2247	3
2253	3
2254	3
2265	3
2267	3
2271	3
2278	3
2282	3
2288	3
2289	3
2292	3
2294	3
2298	3
2305	3
2307	3
2311	3
2312	3
2313	3
2316	3
2324	3
2329	3
2330	3
2337	3
2338	3
2347	3
2349	3
2351	3
2354	3
2358	3
2366	3
2367	3
2368	3
2369	3
2370	3
2374	3
2386	3
2396	3
2398	3
2412	3
2422	3
2427	3
2431	3
2437	3
2439	3
2440	3
2449	3
2458	3
2460	3
2471	3
2474	3
2475	3
2477	3
2478	3
2483	3
2485	3
2486	3
2487	3
2498	3
2502	3
2504	3
2507	3
2509	3
2511	3
2516	3
2520	3
2526	3
2527	3
2528	3
2529	3
2534	3
2537	3
2540	3
2545	3
2547	3
2549	3
2555	3
2558	3
2560	3
2566	3
2568	3
2569	3
2570	3
2573	3
2575	3
2585	3
2586	3
2587	3
2588	3
2589	3
2593	3
2601	3
2609	3
2611	3
2616	3
2625	3
2628	3
2630	3
2634	3
2641	3
2642	3
2649	3
2677	3
2682	3
2683	3
2685	3
2686	3
2687	3
2692	3
2698	3
2702	3
2709	3
2710	3
2711	3
2713	3
2716	3
2720	3
2726	3
2731	3
2736	3
2737	3
2741	3
2743	3
2751	3
2765	3
2777	3
2779	3
2782	3
2787	3
2788	3
2789	3
2796	3
2800	3
2801	3
2802	3
2805	3
2808	3
2812	3
2820	3
2821	3
2823	3
2834	3
2836	3
2844	3
2846	3
2853	3
2854	3
2856	3
2870	3
2871	3
2873	3
2876	3
2878	3
2879	3
2893	3
2896	3
2903	3
2904	3
2908	3
2910	3
2913	3
2914	3
2922	3
2924	3
2925	3
2928	3
2932	3
2933	3
2938	3
2942	3
2943	3
2953	3
2956	3
2961	3
2971	3
2973	3
2976	3
2978	3
2984	3
2986	3
2989	3
2999	3
3000	3
3003	3
3008	3
3010	3
3011	3
3017	3
3018	3
3023	3
3034	3
3041	3
3042	3
3043	3
3045	3
3048	3
3050	3
3054	3
3057	3
3060	3
3069	3
3073	3
3074	3
3088	3
3101	3
3105	3
3112	3
3115	3
3116	3
3125	3
3137	3
3139	3
3141	3
3142	3
3154	3
3158	3
3159	3
3169	3
3175	3
3180	3
3181	3
3182	3
3186	3
3189	3
3190	3
3191	3
3192	3
3200	3
3203	3
3204	3
3207	3
3213	3
3223	3
3228	3
3232	3
3234	3
3236	3
3238	3
3239	3
3243	3
3247	3
3251	3
3257	3
3268	3
3275	3
3278	3
3281	3
3282	3
3288	3
3293	3
3296	3
3297	3
3299	3
3301	3
3303	3
3309	3
3312	3
3316	3
3321	3
3326	3
3334	3
3335	3
3336	3
3341	3
3349	3
3353	3
3354	3
3355	3
3356	3
3359	3
3361	3
3362	3
3363	3
3364	3
3365	3
3368	3
3376	3
3377	3
3378	3
3382	3
3386	3
3387	3
3392	3
3393	3
3394	3
3400	3
3404	3
3412	3
3414	3
3416	3
3424	3
3427	3
3428	3
3430	3
3438	3
3439	3
3440	3
3447	3
3453	3
3456	3
3461	3
3468	3
3472	3
3484	3
3487	3
3491	3
3494	3
3501	3
3507	3
3508	3
3515	3
3517	3
3524	3
3526	3
3527	3
3528	3
3531	3
3535	3
3536	3
3537	3
3540	3
3551	3
3553	3
3568	3
3575	3
3576	3
3585	3
3587	3
3591	3
3594	3
3601	3
3608	3
3609	3
3610	3
3611	3
3613	3
3616	3
3620	3
3622	3
3627	3
3628	3
3629	3
3658	3
3661	3
3663	3
3667	3
3668	3
3670	3
3671	3
3673	3
3677	3
3680	3
3686	3
3692	3
3695	3
3697	3
3699	3
3705	3
3706	3
3711	3
3712	3
3718	3
3720	3
3721	3
3722	3
3728	3
3731	3
3733	3
3734	3
3735	3
3737	3
3751	3
3753	3
3759	3
3764	3
3766	3
3771	3
3775	3
3784	3
3788	3
3799	3
3801	3
3805	3
3808	3
3811	3
3814	3
3816	3
3819	3
3826	3
3831	3
3833	3
3834	3
3839	3
3840	3
3852	3
3854	3
3865	3
3885	3
3887	3
3893	3
3898	3
3901	3
3906	3
3907	3
3910	3
3917	3
3918	3
3920	3
3925	3
3934	3
3935	3
3939	3
3949	3
3950	3
3957	3
3965	3
3967	3
3970	3
3972	3
3974	3
3980	3
3983	3
3984	3
3985	3
3991	3
3993	3
4001	3
4002	3
4006	3
4009	3
4013	3
4016	3
4020	3
4021	3
4023	3
4033	3
4037	3
4039	3
4041	3
4048	3
4057	3
4058	3
4059	3
4063	3
4064	3
4065	3
4072	3
4074	3
4077	3
4080	3
4085	3
4093	3
4095	3
4116	3
4117	3
4118	3
4119	3
4120	3
4125	3
4126	3
4129	3
4135	3
4140	3
4142	3
4145	3
4148	3
4149	3
4150	3
4152	3
4155	3
4167	3
4171	3
4177	3
4181	3
4184	3
4192	3
4195	3
4196	3
4200	3
4202	3
4205	3
4209	3
4210	3
4215	3
4216	3
4219	3
4221	3
4229	3
4240	3
4243	3
4246	3
4252	3
4256	3
4258	3
4264	3
4266	3
4269	3
4270	3
4275	3
4277	3
4281	3
4292	3
4302	3
4306	3
4307	3
4310	3
4312	3
4322	3
4323	3
4327	3
4343	3
4345	3
4346	3
4350	3
4352	3
4353	3
4357	3
4359	3
4362	3
4365	3
4370	3
4374	3
4392	3
4394	3
4396	3
4401	3
4405	3
4407	3
4419	3
4420	3
4424	3
4426	3
4433	3
4434	3
4443	3
4445	3
4454	3
4459	3
4466	3
4469	3
4476	3
4480	3
4482	3
4484	3
4486	3
4500	3
4501	3
4511	3
4515	3
4518	3
4523	3
4526	3
4527	3
4530	3
4536	3
4543	3
4545	3
4547	3
4550	3
4556	3
4562	3
4568	3
4579	3
4581	3
4586	3
4598	3
4612	3
4613	3
4618	3
4621	3
4624	3
4627	3
4628	3
4634	3
4636	3
4639	3
4642	3
4643	3
4647	3
4659	3
4663	3
4665	3
4667	3
4670	3
4681	3
4682	3
4686	3
4687	3
4688	3
4692	3
4714	3
4716	3
4721	3
4726	3
4728	3
4729	3
4737	3
4739	3
4741	3
4754	3
4755	3
4757	3
4758	3
4763	3
4764	3
4768	3
4772	3
4777	3
4779	3
4782	3
4784	3
4786	3
4794	3
4798	3
4802	3
4805	3
4806	3
4815	3
4817	3
4819	3
4820	3
4823	3
4825	3
4827	3
4830	3
4833	3
4835	3
4839	3
4841	3
4844	3
4848	3
4852	3
4854	3
4859	3
4862	3
4863	3
4867	3
4870	3
4874	3
4877	3
4882	3
4890	3
4894	3
4896	3
4903	3
4909	3
4912	3
4915	3
4916	3
4917	3
4920	3
4921	3
4928	3
4929	3
4930	3
4931	3
4933	3
4935	3
4937	3
4941	3
4946	3
4951	3
4956	3
4957	3
4958	3
4961	3
4967	3
4974	3
4979	3
4981	3
4985	3
4987	3
4993	3
4995	3
4996	3
5001	3
5004	3
5007	3
5010	3
5017	3
5018	3
5022	3
5023	3
5038	3
5045	3
5051	3
5053	3
5058	3
5060	3
5066	3
5067	3
5073	3
5074	3
5076	3
5080	3
5081	3
5084	3
5087	3
5102	3
5109	3
5111	3
5113	3
5124	3
5130	3
5131	3
5137	3
5146	3
5148	3
5151	3
5153	3
5155	3
5160	3
5167	3
5173	3
5181	3
5182	3
5196	3
5197	3
5200	3
5202	3
5203	3
5205	3
5207	3
5209	3
5211	3
5214	3
5217	3
5223	3
5228	3
5231	3
5234	3
5235	3
5236	3
5241	3
5242	3
5243	3
5244	3
5249	3
5260	3
5269	3
5274	3
5282	3
5295	3
5298	3
5302	3
5303	3
5308	3
5314	3
5320	3
5333	3
5335	3
5336	3
5338	3
5341	3
5344	3
5345	3
5347	3
5351	3
5353	3
5357	3
5358	3
5361	3
5364	3
5371	3
5374	3
5377	3
5382	3
5383	3
5389	3
5392	3
5394	3
5396	3
5397	3
5403	3
5405	3
5406	3
5408	3
5411	3
5412	3
5415	3
5422	3
5423	3
5424	3
5425	3
5427	3
5431	3
5445	3
5446	3
5453	3
5463	3
5471	3
5472	3
5475	3
5477	3
5480	3
5483	3
5484	3
5492	3
5493	3
5499	3
5503	3
5505	3
5506	3
5507	3
5508	3
5516	3
5519	3
5524	3
5527	3
5531	3
5532	3
5534	3
5535	3
5536	3
5537	3
5538	3
5539	3
5548	3
5555	3
5562	3
5566	3
5569	3
5584	3
5590	3
5591	3
5592	3
5598	3
5602	3
5603	3
5604	3
5615	3
5619	3
5621	3
5622	3
5629	3
5631	3
5633	3
5638	3
5639	3
5641	3
5647	3
5648	3
5650	3
5651	3
5656	3
5672	3
5674	3
5675	3
5681	3
5682	3
5684	3
5698	3
5702	3
5703	3
5704	3
5724	3
5729	3
5733	3
5735	3
5736	3
5738	3
5740	3
5743	3
5756	3
5758	3
5762	3
5763	3
5767	3
5768	3
5775	3
5777	3
5786	3
5787	3
5789	3
5797	3
5802	3
5805	3
5809	3
5826	3
5829	3
5838	3
5840	3
5844	3
5853	3
5859	3
5860	3
5861	3
5870	3
5875	3
5877	3
5879	3
5884	3
5889	3
5895	3
5907	3
5920	3
5925	3
5930	3
5931	3
5932	3
5934	3
5940	3
5942	3
5943	3
5944	3
5948	3
5951	3
5952	3
5954	3
5957	3
5961	3
5966	3
5967	3
5974	3
5978	3
5989	3
5994	3
6000	3
6004	3
6008	3
6009	3
6010	3
6011	3
6013	3
6014	3
6019	3
6020	3
6022	3
6023	3
6025	3
6027	3
6028	3
6031	3
6036	3
6045	3
6047	3
6048	3
6049	3
6050	3
6053	3
