0	0
1	0
2	0
3	0
4	0
5	0
6	0
7	0
8	0
9	0
10	0
12	0
13	0
14	0
15	0
16	0
17	0
43	0
56	0
70	0
72	0
73	0
75	0
76	0
77	0
78	0
79	0
80	0
101	0
119	0
122	0
123	0
125	0
126	0
127	0
128	0
129	0
130	0
131	0
132	0
133	0
134	0
135	0
136	0
137	0
139	0
140	0
141	0
142	0
143	0
144	0
145	0
146	0
147	0
148	0
149	0
150	0
151	0
152	0
153	0
154	0
165	0
179	0
185	0
186	0
187	0
188	0
189	0
190	0
191	0
224	0
286	0
288	0
289	0
290	0
291	0
292	0
294	0
296	0
297	0
298	0
299	0
300	0
301	0
303	0
304	0
305	0
307	0
308	0
309	0
344	0
364	0
378	0
395	0
409	0
410	0
411	0
412	0
413	0
414	0
415	0
416	0
417	0
418	0
419	0
421	0
422	0
466	0
479	0
486	0
487	0
489	0
490	0
491	0
492	0
493	0
494	0
495	0
496	0
497	0
500	0
501	0
502	0
504	0
505	0
506	0
521	0
532	0
546	0
557	0
565	0
566	0
567	0
569	0
571	0
572	0
573	0
574	0
575	0
576	0
577	0
578	0
579	0
580	0
582	0
583	0
585	0
586	0
587	0
589	0
590	0
591	0
592	0
593	0
594	0
619	0
668	0
679	0
701	0
717	0
721	0
723	0
724	0
725	0
726	0
727	0
728	0
730	0
731	0
732	0
733	0
734	0
735	0
737	0
738	0
739	0
740	0
741	0
742	0
743	0
744	0
745	0
746	0
747	0
752	0
762	0
763	0
764	0
765	0
766	0
767	0
768	0
769	0
770	0
786	0
795	0
796	0
797	0
798	0
800	0
802	0
803	0
804	0
805	0
806	0
817	0
818	0
819	0
821	0
822	0
823	0
824	0
825	0
826	0
827	0
828	0
843	0
847	0
848	0
850	0
852	0
853	0
854	0
855	0
856	0
857	0
887	0
900	0
944	0
945	0
946	0
947	0
948	0
949	0
950	0
951	0
952	0
953	0
954	0
955	0
956	0
1008	0
1020	0
1022	0
1023	0
1024	0
1025	0
1026	0
1027	0
1029	0
1030	0
1031	0
1032	0
1034	0
1035	0
1046	0
1047	0
1048	0
1049	0
1050	0
1051	0
1052	0
1053	0
1054	0
1055	0
1057	0
1061	0
1084	0
1096	0
1108	0
1116	0
1147	0
1148	0
1149	0
1150	0
1151	0
1154	0
1155	0
1156	0
1157	0
1159	0
1160	0
1161	0
1162	0
1163	0
1164	0
1165	0
1166	0
1167	0
1168	0
1169	0
1171	0
1172	0
1173	0
1174	0
1175	0
1176	0
1177	0
1178	0
1179	0
1180	0
1181	0
1182	0
1183	0
1199	0
1252	0
1254	0
1255	0
1256	0
1257	0
1258	0
1259	0
1260	0
1261	0
1262	0
1263	0
1264	0
1265	0
1267	0
1268	0
1269	0
1270	0
1271	0
1272	0
1273	0
1275	0
1276	0
1277	0
1278	0
1279	0
1290	0
1333	0
1338	0
1339	0
1341	0
1342	0
1343	0
1344	0
1345	0
1347	0
1381	0
1441	0
1442	0
1444	0
1446	0
1447	0
1448	0
1450	0
1451	0
1452	0
1453	0
1454	0
1455	0
1456	0
1457	0
1464	0
1465	0
1466	0
1467	0
1469	0
1470	0
1472	0
1473	0
1474	0
1475	0
1493	0
1511	0
1531	0
1548	0
1549	0
1550	0
1551	0
1552	0
1553	0
1554	0
1556	0
1575	0
1576	0
1577	0
1578	0
1579	0
1580	0
1581	0
1583	0
1584	0
1586	0
1587	0
1588	0
1615	0
1673	0
1674	0
1675	0
1676	0
1677	0
1678	0
1679	0
1680	0
1681	0
1683	0
1684	0
1686	0
1687	0
1688	0
1715	0
1723	0
1724	0
1725	0
1726	0
1727	0
1728	0
1729	0
1730	0
1731	0
1732	0
1733	0
1734	0
1735	0
1736	0
1742	0
1798	0
1806	0
1808	0
1810	0
1811	0
1812	0
1813	0
1814	0
1815	0
1816	0
1817	0
1818	0
1820	0
1821	0
1823	0
1824	0
1825	0
1828	0
1830	0
1832	0
1833	0
1834	0
1835	0
1836	0
1837	0
1838	0
1839	0
1840	0
1841	0
1842	0
1843	0
1844	0
1847	0
1850	0
1851	0
1852	0
1853	0
1855	0
1867	0
1881	0
1908	0
1953	0
1954	0
1955	0
1957	0
1958	0
1959	0
1960	0
1961	0
1962	0
1963	0
1964	0
1965	0
1966	0
1968	0
1969	0
1970	0
1971	0
1972	0
1973	0
1975	0
1977	0
1978	0
1979	0
1980	0
1981	0
1982	0
1983	0
1984	0
1985	0
2011	0
2022	0
2053	0
2062	0
2096	0
2110	0
2111	0
2112	0
2114	0
2115	0
2116	0
2117	0
2118	0
2119	0
2120	0
2121	0
2133	0
2142	0
2161	0
2177	0
2193	0
2203	0
2222	0
2223	0
2224	0
2225	0
2226	0
2227	0
2228	0
2229	0
2230	0
2231	0
2232	0
2233	0
2235	0
2245	0
2246	0
2247	0
2248	0
2249	0
2251	0
2253	0
2254	0
2255	0
2256	0
2257	0
2258	0
2260	0
2262	0
2263	0
2264	0
2265	0
2284	0
2299	0
2302	0
2322	0
2345	0
2354	0
2359	0
2374	0
2376	0
2377	0
2378	0
2380	0
2381	0
2382	0
2383	0
2386	0
2387	0
2388	0
2390	0
2391	0
2393	0
2394	0
2397	0
2398	0
2399	0
2400	0
2401	0
2402	0
2404	0
2405	0
2406	0
2408	0
2409	0
2410	0
2411	0
2412	0
2413	0
2414	0
2424	0
2434	0
2435	0
2462	0
2465	0
2472	0
2504	0
2512	0
2516	0
2569	0
2591	0
2596	0
2613	0
2614	0
2615	0
2616	0
2617	0
2619	0
2620	0
2621	0
2622	0
2648	0
2677	0
2678	0
2681	0
2683	0
2684	0
2686	0
2687	0
2688	0
2689	0
2690	0
2692	0
2693	0
2694	0
2695	0
2696	0
2697	0
2698	0
2699	0
2700	0
2701	0
2702	0
2703	0
2704	0
2705	0
2738	0
2755	0
2783	0
2805	0
2806	0
2807	0
2808	0
2809	0
2812	0
2813	0
2815	0
2816	0
2817	0
2818	0
2819	0
2820	0
2821	0
2822	0
2823	0
2826	0
2827	0
2828	0
2829	0
2830	0
2831	0
2832	0
2833	0
2835	0
2836	0
2837	0
2841	0
2855	0
2886	0
2887	0
2888	0
2889	0
2890	0
2891	0
2892	0
2893	0
2894	0
2895	0
2896	0
2897	0
2898	0
2899	0
2900	0
2901	0
2902	0
2903	0
2904	0
2905	0
2917	0
2943	0
2951	0
2998	0
3001	0
18	1
19	1
20	1
21	1
22	1
23	1
24	1
25	1
26	1
27	1
28	1
29	1
30	1
31	1
32	1
33	1
34	1
35	1
36	1
37	1
38	1
39	1
40	1
41	1
42	1
44	1
45	1
46	1
47	1
48	1
49	1
50	1
51	1
52	1
53	1
54	1
55	1
59	1
66	1
74	1
99	1
111	1
120	1
124	1
155	1
156	1
157	1
158	1
159	1
160	1
163	1
164	1
167	1
168	1
169	1
170	1
171	1
172	1
194	1
196	1
215	1
227	1
228	1
229	1
230	1
231	1
232	1
233	1
234	1
235	1
237	1
242	1
256	1
270	1
271	1
272	1
273	1
276	1
277	1
278	1
279	1
287	1
306	1
310	1
311	1
312	1
313	1
314	1
315	1
316	1
317	1
318	1
319	1
321	1
322	1
323	1
324	1
325	1
326	1
327	1
329	1
330	1
331	1
332	1
333	1
334	1
335	1
336	1
337	1
338	1
339	1
340	1
342	1
343	1
345	1
346	1
347	1
348	1
349	1
350	1
351	1
352	1
353	1
355	1
356	1
357	1
361	1
366	1
391	1
406	1
420	1
429	1
430	1
431	1
433	1
434	1
435	1
436	1
437	1
450	1
462	1
472	1
499	1
512	1
513	1
514	1
515	1
517	1
518	1
519	1
520	1
522	1
523	1
524	1
563	1
570	1
584	1
595	1
596	1
597	1
598	1
599	1
600	1
602	1
603	1
604	1
605	1
606	1
607	1
608	1
609	1
610	1
611	1
612	1
613	1
614	1
615	1
616	1
617	1
618	1
620	1
621	1
629	1
630	1
631	1
632	1
633	1
635	1
636	1
637	1
639	1
641	1
642	1
643	1
644	1
645	1
646	1
647	1
648	1
649	1
650	1
651	1
654	1
677	1
729	1
736	1
749	1
750	1
751	1
754	1
755	1
756	1
757	1
758	1
759	1
760	1
761	1
771	1
772	1
773	1
774	1
776	1
777	1
779	1
780	1
781	1
782	1
789	1
790	1
791	1
792	1
793	1
794	1
799	1
801	1
814	1
815	1
829	1
830	1
831	1
832	1
833	1
834	1
835	1
836	1
837	1
838	1
839	1
840	1
842	1
858	1
859	1
860	1
861	1
862	1
863	1
864	1
865	1
866	1
867	1
868	1
869	1
870	1
877	1
906	1
907	1
908	1
909	1
910	1
911	1
912	1
913	1
914	1
916	1
917	1
918	1
919	1
920	1
921	1
922	1
924	1
925	1
926	1
927	1
928	1
929	1
930	1
931	1
932	1
933	1
934	1
935	1
937	1
938	1
939	1
940	1
941	1
942	1
943	1
989	1
999	1
1014	1
1033	1
1037	1
1058	1
1059	1
1060	1
1062	1
1063	1
1064	1
1066	1
1067	1
1068	1
1069	1
1072	1
1073	1
1074	1
1075	1
1076	1
1077	1
1078	1
1079	1
1080	1
1081	1
1082	1
1083	1
1085	1
1086	1
1087	1
1088	1
1089	1
1090	1
1091	1
1092	1
1093	1
1094	1
1095	1
1097	1
1098	1
1101	1
1102	1
1103	1
1105	1
1106	1
1107	1
1109	1
1110	1
1111	1
1113	1
1117	1
1120	1
1121	1
1122	1
1124	1
1125	1
1126	1
1127	1
1128	1
1152	1
1158	1
1184	1
1185	1
1186	1
1187	1
1188	1
1189	1
1190	1
1191	1
1192	1
1193	1
1194	1
1195	1
1196	1
1197	1
1198	1
1200	1
1201	1
1202	1
1204	1
1205	1
1206	1
1207	1
1208	1
1209	1
1210	1
1211	1
1212	1
1213	1
1214	1
1215	1
1216	1
1217	1
1218	1
1274	1
1291	1
1296	1
1319	1
1321	1
1346	1
1348	1
1349	1
1350	1
1351	1
1352	1
1353	1
1354	1
1355	1
1356	1
1357	1
1358	1
1359	1
1360	1
1361	1
1362	1
1363	1
1364	1
1365	1
1366	1
1367	1
1368	1
1375	1
1435	1
1443	1
1458	1
1459	1
1460	1
1461	1
1462	1
1463	1
1468	1
1476	1
1477	1
1478	1
1479	1
1480	1
1481	1
1482	1
1483	1
1484	1
1485	1
1486	1
1487	1
1488	1
1489	1
1490	1
1513	1
1514	1
1555	1
1569	1
1582	1
1589	1
1592	1
1593	1
1594	1
1595	1
1596	1
1597	1
1598	1
1599	1
1636	1
1642	1
1651	1
1653	1
1656	1
1657	1
1658	1
1659	1
1660	1
1661	1
1663	1
1664	1
1665	1
1682	1
1690	1
1691	1
1693	1
1694	1
1695	1
1696	1
1697	1
1698	1
1699	1
1700	1
1701	1
1702	1
1703	1
1704	1
1705	1
1706	1
1708	1
1709	1
1710	1
1711	1
1712	1
1713	1
1716	1
1717	1
1718	1
1719	1
1720	1
1721	1
1722	1
1766	1
1827	1
1829	1
1846	1
1856	1
1857	1
1858	1
1859	1
1860	1
1861	1
1862	1
1863	1
1866	1
1868	1
1869	1
1871	1
1873	1
1874	1
1875	1
1876	1
1878	1
1880	1
1913	1
1920	1
1932	1
1933	1
1934	1
1935	1
1936	1
1937	1
1939	1
1940	1
1941	1
1942	1
1943	1
1946	1
1956	1
1974	1
1987	1
1989	1
1990	1
1991	1
1992	1
1993	1
1994	1
1995	1
1996	1
1997	1
1998	1
1999	1
2000	1
2001	1
2002	1
2008	1
2009	1
2012	1
2013	1
2015	1
2016	1
2017	1
2018	1
2019	1
2028	1
2042	1
2043	1
2044	1
2045	1
2046	1
2047	1
2049	1
2050	1
2051	1
2054	1
2055	1
2056	1
2078	1
2122	1
2123	1
2124	1
2125	1
2126	1
2128	1
2129	1
2130	1
2131	1
2132	1
2134	1
2135	1
2137	1
2138	1
2139	1
2140	1
2141	1
2144	1
2145	1
2146	1
2147	1
2148	1
2149	1
2150	1
2151	1
2152	1
2153	1
2178	1
2200	1
2211	1
2212	1
2213	1
2214	1
2215	1
2216	1
2217	1
2218	1
2220	1
2234	1
2250	1
2268	1
2269	1
2270	1
2271	1
2272	1
2273	1
2274	1
2275	1
2306	1
2313	1
2361	1
2362	1
2363	1
2364	1
2365	1
2372	1
2375	1
2384	1
2385	1
2396	1
2403	1
2415	1
2416	1
2417	1
2418	1
2419	1
2420	1
2422	1
2423	1
2425	1
2426	1
2427	1
2428	1
2429	1
2430	1
2431	1
2432	1
2433	1
2436	1
2437	1
2438	1
2439	1
2440	1
2441	1
2442	1
2443	1
2444	1
2445	1
2446	1
2447	1
2448	1
2450	1
2451	1
2452	1
2453	1
2454	1
2455	1
2458	1
2463	1
2517	1
2525	1
2534	1
2536	1
2550	1
2557	1
2558	1
2559	1
2560	1
2561	1
2563	1
2564	1
2565	1
2566	1
2567	1
2568	1
2570	1
2571	1
2572	1
2573	1
2574	1
2576	1
2585	1
2586	1
2587	1
2588	1
2589	1
2590	1
2595	1
2601	1
2618	1
2639	1
2640	1
2641	1
2643	1
2644	1
2645	1
2646	1
2647	1
2655	1
2674	1
2680	1
2682	1
2706	1
2707	1
2708	1
2709	1
2710	1
2712	1
2713	1
2714	1
2716	1
2717	1
2719	1
2720	1
2721	1
2722	1
2760	1
2764	1
2791	1
2796	1
2800	1
2838	1
2840	1
2842	1
2843	1
2844	1
2845	1
2847	1
2848	1
2849	1
2850	1
2852	1
2906	1
2907	1
2908	1
2910	1
2912	1
2913	1
2914	1
2915	1
2916	1
2918	1
2919	1
2920	1
2921	1
2922	1
2923	1
2924	1
2925	1
2926	1
2927	1
2928	1
2929	1
2930	1
2931	1
2932	1
2933	1
2934	1
2935	1
2944	1
2950	1
11	2
57	2
58	2
60	2
61	2
62	2
63	2
64	2
67	2
68	2
71	2
81	2
82	2
83	2
84	2
85	2
86	2
87	2
88	2
89	2
90	2
91	2
92	2
93	2
96	2
121	2
138	2
161	2
162	2
192	2
193	2
195	2
197	2
198	2
199	2
200	2
201	2
202	2
203	2
204	2
205	2
206	2
208	2
209	2
210	2
211	2
212	2
213	2
214	2
216	2
217	2
218	2
219	2
220	2
221	2
222	2
223	2
226	2
236	2
238	2
239	2
240	2
262	2
275	2
328	2
354	2
358	2
359	2
360	2
362	2
363	2
365	2
367	2
368	2
369	2
370	2
371	2
372	2
373	2
374	2
375	2
376	2
377	2
390	2
403	2
404	2
408	2
423	2
424	2
425	2
426	2
427	2
428	2
432	2
452	2
453	2
454	2
455	2
456	2
457	2
458	2
459	2
460	2
461	2
463	2
464	2
465	2
467	2
468	2
469	2
470	2
471	2
473	2
474	2
475	2
476	2
477	2
503	2
508	2
509	2
510	2
525	2
526	2
527	2
528	2
529	2
530	2
531	2
533	2
535	2
536	2
537	2
538	2
539	2
540	2
541	2
542	2
543	2
544	2
568	2
581	2
588	2
625	2
638	2
652	2
653	2
655	2
656	2
657	2
658	2
659	2
660	2
661	2
662	2
663	2
664	2
665	2
666	2
667	2
669	2
670	2
671	2
672	2
673	2
674	2
675	2
676	2
681	2
682	2
683	2
685	2
686	2
687	2
688	2
689	2
690	2
691	2
692	2
693	2
694	2
695	2
697	2
698	2
699	2
700	2
778	2
783	2
785	2
787	2
788	2
844	2
845	2
846	2
851	2
871	2
872	2
873	2
874	2
875	2
876	2
878	2
879	2
880	2
881	2
882	2
883	2
884	2
885	2
886	2
936	2
957	2
958	2
959	2
960	2
961	2
962	2
963	2
964	2
965	2
966	2
967	2
968	2
969	2
970	2
971	2
972	2
973	2
974	2
975	2
976	2
977	2
978	2
979	2
980	2
981	2
982	2
983	2
984	2
985	2
986	2
987	2
988	2
990	2
991	2
1007	2
1028	2
1038	2
1056	2
1099	2
1100	2
1104	2
1114	2
1115	2
1118	2
1119	2
1203	2
1219	2
1221	2
1222	2
1223	2
1224	2
1225	2
1226	2
1227	2
1228	2
1229	2
1231	2
1232	2
1233	2
1234	2
1235	2
1236	2
1238	2
1239	2
1240	2
1241	2
1242	2
1243	2
1244	2
1245	2
1246	2
1247	2
1248	2
1249	2
1251	2
1280	2
1281	2
1301	2
1328	2
1332	2
1340	2
1369	2
1370	2
1371	2
1372	2
1373	2
1374	2
1377	2
1378	2
1382	2
1384	2
1386	2
1449	2
1471	2
1491	2
1492	2
1494	2
1495	2
1496	2
1497	2
1498	2
1499	2
1500	2
1501	2
1502	2
1503	2
1504	2
1506	2
1507	2
1508	2
1509	2
1510	2
1512	2
1515	2
1516	2
1517	2
1518	2
1519	2
1521	2
1522	2
1523	2
1524	2
1525	2
1526	2
1527	2
1528	2
1529	2
1530	2
1532	2
1533	2
1534	2
1535	2
1536	2
1537	2
1538	2
1539	2
1540	2
1541	2
1542	2
1543	2
1544	2
1545	2
1546	2
1547	2
1585	2
1590	2
1591	2
1600	2
1604	2
1606	2
1607	2
1608	2
1609	2
1610	2
1611	2
1612	2
1613	2
1614	2
1616	2
1617	2
1618	2
1619	2
1620	2
1621	2
1622	2
1623	2
1624	2
1625	2
1626	2
1627	2
1628	2
1645	2
1652	2
1654	2
1655	2
1685	2
1707	2
1714	2
1737	2
1739	2
1740	2
1741	2
1743	2
1744	2
1745	2
1746	2
1747	2
1748	2
1749	2
1765	2
1807	2
1809	2
1819	2
1826	2
1831	2
1849	2
1864	2
1877	2
1879	2
1882	2
1883	2
1884	2
1885	2
1886	2
1887	2
1888	2
1889	2
1890	2
1891	2
1892	2
1893	2
1894	2
1895	2
1896	2
1897	2
1898	2
1899	2
1900	2
1901	2
1902	2
1903	2
1904	2
1905	2
1906	2
1907	2
1909	2
1910	2
1944	2
1945	2
1947	2
1948	2
1949	2
1950	2
1951	2
1952	2
1976	2
1986	2
1988	2
2014	2
2020	2
2021	2
2023	2
2024	2
2025	2
2026	2
2027	2
2029	2
2030	2
2031	2
2032	2
2033	2
2034	2
2035	2
2036	2
2037	2
2038	2
2039	2
2040	2
2041	2
2057	2
2058	2
2059	2
2060	2
2061	2
2063	2
2064	2
2065	2
2066	2
2067	2
2068	2
2069	2
2070	2
2071	2
2072	2
2073	2
2080	2
2107	2
2127	2
2136	2
2143	2
2154	2
2155	2
2156	2
2157	2
2158	2
2159	2
2160	2
2163	2
2164	2
2165	2
2166	2
2167	2
2168	2
2169	2
2170	2
2171	2
2172	2
2173	2
2219	2
2236	2
2237	2
2238	2
2239	2
2240	2
2241	2
2242	2
2243	2
2244	2
2252	2
2267	2
2276	2
2277	2
2278	2
2279	2
2280	2
2281	2
2282	2
2283	2
2285	2
2286	2
2287	2
2288	2
2290	2
2291	2
2293	2
2294	2
2295	2
2296	2
2297	2
2298	2
2300	2
2301	2
2303	2
2304	2
2305	2
2307	2
2308	2
2309	2
2310	2
2311	2
2312	2
2314	2
2315	2
2316	2
2317	2
2318	2
2319	2
2320	2
2321	2
2323	2
2324	2
2325	2
2326	2
2327	2
2329	2
2331	2
2332	2
2334	2
2335	2
2336	2
2337	2
2344	2
2349	2
2371	2
2389	2
2392	2
2456	2
2457	2
2459	2
2460	2
2461	2
2464	2
2466	2
2467	2
2468	2
2469	2
2470	2
2471	2
2473	2
2474	2
2475	2
2476	2
2477	2
2479	2
2480	2
2481	2
2482	2
2524	2
2526	2
2527	2
2528	2
2529	2
2530	2
2531	2
2543	2
2544	2
2545	2
2546	2
2547	2
2548	2
2549	2
2551	2
2552	2
2553	2
2554	2
2555	2
2556	2
2578	2
2592	2
2593	2
2594	2
2597	2
2598	2
2599	2
2600	2
2602	2
2603	2
2604	2
2605	2
2606	2
2607	2
2608	2
2609	2
2611	2
2612	2
2642	2
2656	2
2668	2
2670	2
2691	2
2711	2
2724	2
2725	2
2726	2
2727	2
2728	2
2729	2
2730	2
2731	2
2732	2
2733	2
2734	2
2735	2
2736	2
2737	2
2739	2
2740	2
2741	2
2742	2
2743	2
2744	2
2745	2
2746	2
2747	2
2748	2
2749	2
2750	2
2751	2
2752	2
2753	2
2766	2
2811	2
2824	2
2825	2
2834	2
2846	2
2851	2
2853	2
2854	2
2885	2
2911	2
2936	2
2937	2
2938	2
2939	2
2940	2
2941	2
2942	2
2946	2
2947	2
2948	2
2949	2
2952	2
2953	2
2954	2
2955	2
2956	2
2965	2
2977	2
2995	2
65	3
69	3
94	3
95	3
97	3
98	3
100	3
102	3
103	3
104	3
105	3
106	3
107	3
108	3
109	3
110	3
112	3
113	3
114	3
115	3
116	3
117	3
118	3
166	3
173	3
174	3
175	3
176	3
177	3
178	3
180	3
181	3
182	3
183	3
184	3
207	3
225	3
241	3
243	3
244	3
245	3
246	3
247	3
248	3
249	3
250	3
251	3
252	3
253	3
254	3
255	3
257	3
258	3
259	3
260	3
261	3
263	3
264	3
265	3
266	3
267	3
268	3
269	3
274	3
280	3
281	3
282	3
283	3
284	3
285	3
293	3
295	3
302	3
320	3
341	3
379	3
380	3
381	3
382	3
383	3
384	3
385	3
386	3
387	3
388	3
389	3
392	3
393	3
394	3
396	3
397	3
398	3
399	3
400	3
401	3
402	3
405	3
407	3
438	3
439	3
440	3
441	3
442	3
443	3
444	3
445	3
446	3
447	3
448	3
449	3
451	3
478	3
480	3
481	3
482	3
483	3
484	3
485	3
488	3
498	3
507	3
511	3
516	3
534	3
545	3
547	3
548	3
549	3
550	3
551	3
552	3
553	3
554	3
555	3
556	3
558	3
559	3
560	3
561	3
562	3
564	3
601	3
622	3
623	3
624	3
626	3
627	3
628	3
634	3
640	3
678	3
680	3
684	3
696	3
702	3
703	3
704	3
705	3
706	3
707	3
708	3
709	3
710	3
711	3
712	3
713	3
714	3
715	3
716	3
718	3
719	3
720	3
722	3
748	3
753	3
775	3
784	3
807	3
808	3
809	3
810	3
811	3
812	3
813	3
816	3
820	3
841	3
849	3
888	3
889	3
890	3
891	3
892	3
893	3
894	3
895	3
896	3
897	3
898	3
899	3
901	3
902	3
903	3
904	3
905	3
915	3
923	3
992	3
993	3
994	3
995	3
996	3
997	3
998	3
1000	3
1001	3
1002	3
1003	3
1004	3
1005	3
1006	3
1009	3
1010	3
1011	3
1012	3
1013	3
1015	3
1016	3
1017	3
1018	3
1019	3
1021	3
1036	3
1039	3
1040	3
1041	3
1042	3
1043	3
1044	3
1045	3
1065	3
1070	3
1071	3
1112	3
1123	3
1129	3
1130	3
1131	3
1132	3
1133	3
1134	3
1135	3
1136	3
1137	3
1138	3
1139	3
1140	3
1141	3
1142	3
1143	3
1144	3
1145	3
1146	3
1153	3
1170	3
1220	3
1230	3
1237	3
1250	3
1253	3
1266	3
1282	3
1283	3
1284	3
1285	3
1286	3
1287	3
1288	3
1289	3
1292	3
1293	3
1294	3
1295	3
1297	3
1298	3
1299	3
1300	3
1302	3
1303	3
1304	3
1305	3
1306	3
1307	3
1308	3
1309	3
1310	3
1311	3
1312	3
1313	3
1314	3
1315	3
1316	3
1317	3
1318	3
1320	3
1322	3
1323	3
1324	3
1325	3
1326	3
1327	3
1329	3
1330	3
1331	3
1334	3
1335	3
1336	3
1337	3
1376	3
1379	3
1380	3
1383	3
1385	3
1387	3
1388	3
1389	3
1390	3
1391	3
1392	3
1393	3
1394	3
1395	3
1396	3
1397	3
1398	3
1399	3
1400	3
1401	3
1402	3
1403	3
1404	3
1405	3
1406	3
1407	3
1408	3
1409	3
1410	3
1411	3
1412	3
1413	3
1414	3
1415	3
1416	3
1417	3
1418	3
1419	3
1420	3
1421	3
1422	3
1423	3
1424	3
1425	3
1426	3
1427	3
1428	3
1429	3
1430	3
1431	3
1432	3
1433	3
1434	3
1436	3
1437	3
1438	3
1439	3
1440	3
1445	3
1505	3
1520	3
1557	3
1558	3
1559	3
1560	3
1561	3
1562	3
1563	3
1564	3
1565	3
1566	3
1567	3
1568	3
1570	3
1571	3
1572	3
1573	3
1574	3
1601	3
1602	3
1603	3
1605	3
1629	3
1630	3
1631	3
1632	3
1633	3
1634	3
1635	3
1637	3
1638	3
1639	3
1640	3
1641	3
1643	3
1644	3
1646	3
1647	3
1648	3
1649	3
1650	3
1662	3
1666	3
1667	3
1668	3
1669	3
1670	3
1671	3
1672	3
1689	3
1692	3
1738	3
1750	3
1751	3
1752	3
1753	3
1754	3
1755	3
1756	3
1757	3
1758	3
1759	3
1760	3
1761	3
1762	3
1763	3
1764	3
1767	3
1768	3
1769	3
1770	3
1771	3
1772	3
1773	3
1774	3
1775	3
1776	3
1777	3
1778	3
1779	3
1780	3
1781	3
1782	3
1783	3
1784	3
1785	3
1786	3
1787	3
1788	3
1789	3
1790	3
1791	3
1792	3
1793	3
1794	3
1795	3
1796	3
1797	3
1799	3
1800	3
1801	3
1802	3
1803	3
1804	3
1805	3
1822	3
1845	3
1848	3
1854	3
1865	3
1870	3
1872	3
1911	3
1912	3
1914	3
1915	3
1916	3
1917	3
1918	3
1919	3
1921	3
1922	3
1923	3
1924	3
1925	3
1926	3
1927	3
1928	3
1929	3
1930	3
1931	3
1938	3
1967	3
2003	3
2004	3
2005	3
2006	3
2007	3
2010	3
2048	3
2052	3
2074	3
2075	3
2076	3
2077	3
2079	3
2081	3
2082	3
2083	3
2084	3
2085	3
2086	3
2087	3
2088	3
2089	3
2090	3
2091	3
2092	3
2093	3
2094	3
2095	3
2097	3
2098	3
2099	3
2100	3
2101	3
2102	3
2103	3
2104	3
2105	3
2106	3
2108	3
2109	3
2113	3
2162	3
2174	3
2175	3
2176	3
2179	3
2180	3
2181	3
2182	3
2183	3
2184	3
2185	3
2186	3
2187	3
2188	3
2189	3
2190	3
2191	3
2192	3
2194	3
2195	3
2196	3
2197	3
2198	3
2199	3
2201	3
2202	3
2204	3
2205	3
2206	3
2207	3
2208	3
2209	3
2210	3
2221	3
2259	3
2261	3
2266	3
2289	3
2292	3
2328	3
2330	3
2333	3
2338	3
2339	3
2340	3
2341	3
2342	3
2343	3
2346	3
2347	3
2348	3
2350	3
2351	3
2352	3
2353	3
2355	3
2356	3
2357	3
2358	3
2360	3
2366	3
2367	3
2368	3
2369	3
2370	3
2373	3
2379	3
2395	3
2407	3
2421	3
2449	3
2478	3
2483	3
2484	3
2485	3
2486	3
2487	3
2488	3
2489	3
2490	3
2491	3
2492	3
2493	3
2494	3
2495	3
2496	3
2497	3
2498	3
2499	3
2500	3
2501	3
2502	3
2503	3
2505	3
2506	3
2507	3
2508	3
2509	3
2510	3
2511	3
2513	3
2514	3
2515	3
2518	3
2519	3
2520	3
2521	3
2522	3
2523	3
2532	3
2533	3
2535	3
2537	3
2538	3
2539	3
2540	3
2541	3
2542	3
2562	3
2575	3
2577	3
2579	3
2580	3
2581	3
2582	3
2583	3
2584	3
2610	3
2623	3
2624	3
2625	3
2626	3
2627	3
2628	3
2629	3
2630	3
2631	3
2632	3
2633	3
2634	3
2635	3
2636	3
2637	3
2638	3
2649	3
2650	3
2651	3
2652	3
2653	3
2654	3
2657	3
2658	3
2659	3
2660	3
2661	3
2662	3
2663	3
2664	3
2665	3
2666	3
2667	3
2669	3
2671	3
2672	3
2673	3
2675	3
2676	3
2679	3
2685	3
2715	3
2718	3
2723	3
2754	3
2756	3
2757	3
2758	3
2759	3
2761	3
2762	3
2763	3
2765	3
2767	3
2768	3
2769	3
2770	3
2771	3
2772	3
2773	3
2774	3
2775	3
2776	3
2777	3
2778	3
2779	3
2780	3
2781	3
2782	3
2784	3
2785	3
2786	3
2787	3
2788	3
2789	3
2790	3
2792	3
2793	3
2794	3
2795	3
2797	3
2798	3
2799	3
2801	3
2802	3
2803	3
2804	3
2810	3
2814	3
2839	3
2856	3
2857	3
2858	3
2859	3
2860	3
2861	3
2862	3
2863	3
2864	3
2865	3
2866	3
2867	3
2868	3
2869	3
2870	3
2871	3
2872	3
2873	3
2874	3
2875	3
2876	3
2877	3
2878	3
2879	3
2880	3
2881	3
2882	3
2883	3
2884	3
2909	3
2945	3
2957	3
2958	3
2959	3
2960	3
2961	3
2962	3
2963	3
2964	3
2966	3
2967	3
2968	3
2969	3
2970	3
2971	3
2972	3
2973	3
2974	3
2975	3
2976	3
2978	3
2979	3
2980	3
2981	3
2982	3
2983	3
2984	3
2985	3
2986	3
2987	3
2988	3
2989	3
2990	3
2991	3
2992	3
2993	3
2994	3
2996	3
2997	3
2999	3
3000	3
3002	3
